71 4311
25 58 7584
18 70 3797
71 17 9587
6 71 464
45 53 2279
66 23 47
59 67 1334
19 39 693
38 15 8928
14 43 624
5 21 8912
10 52 1423
55 65 5469
64 15 9532
21 27 9169
27 65 1346
64 33 8781
51 33 1539
22 29 211
39 1 4607
61 10 4106
49 24 6780
53 22 2296
42 21 712
51 56 2944
18 38 4222
70 23 6037
58 51 4707
66 3 2847
58 30 496
6 48 2463
13 44 1724
62 33 580
35 47 4466
36 55 7557
66 41 6768
14 55 7780
1 51 651
1 17 5470
44 62 871
60 2 8459
12 3 4020
2 21 435
59 66 4690
45 34 5588
16 36 2837
49 44 3903
5 56 37
47 17 4600
22 70 7439
61 62 7189
61 29 1495
14 26 6587
54 55 1626
2 61 3122
64 30 1992
14 55 4548
21 53 1952
64 53 2340
39 28 9411
29 66 3789
41 12 794
48 28 6651
13 15 1045
3 41 3212
28 46 5898
65 18 9118
1 41 5565
57 70 6897
58 25 5496
52 6 8656
5 66 6100
50 26 8256
58 59 9553
67 9 36
40 24 2399
34 14 6783
7 1 3454
8 27 1998
69 43 1203
53 67 5667
6 50 8993
61 19 2860
70 21 8344
29 66 456
59 71 8086
13 68 8899
5 24 4017
71 36 1343
71 41 8951
51 50 8302
3 61 1339
57 56 5421
58 43 5120
57 39 7187
20 8 7333
35 24 2081
58 8 1029
49 31 1416
42 52 9391
27 61 8372
4 58 1153
8 3 6390
5 38 5734
2 39 2583
43 7 3681
14 50 2395
3 62 3983
7 30 521
14 27 1216
54 51 7702
26 30 8066
4 42 5719
22 26 9060
21 13 4638
51 61 5433
17 15 3400
13 56 2761
2 12 7203
49 67 2922
39 22 5577
5 44 3516
47 51 4184
58 51 2354
34 44 6230
6 26 6955
47 28 9552
3 13 4210
58 40 5289
70 71 8172
64 53 7673
39 10 3502
4 41 3303
8 45 7020
50 50 6630
60 5 996
18 65 9976
30 21 377
24 3 6128
6 18 6506
35 17 2311
28 12 3250
11 43 494
13 21 2956
66 49 4459
50 42 2478
55 65 6020
68 43 1300
48 60 996
20 32 618
55 71 8074
9 47 555
19 41 6536
42 45 1463
38 65 6333
30 63 5343
44 46 2592
36 3 5379
49 46 3387
61 23 8246
12 4 9678
40 67 391
13 63 6122
53 56 6947
48 14 673
34 21 866
60 40 8729
33 6 518
56 28 9404
44 42 1764
37 65 9771
35 44 1448
27 43 8323
10 68 589
15 31 5712
19 38 6679
50 27 1399
60 42 7767
38 68 8277
42 31 1040
33 18 99
15 15 9458
71 30 5711
40 40 9564
5 15 1174
8 10 2287
55 9 1636
68 10 6988
35 35 7699
35 48 2303
15 60 3562
67 40 648
42 49 6359
44 24 5501
58 6 1074
46 33 5332
61 2 4587
28 21 522
60 69 1735
15 49 4804
4 63 9642
66 60 1944
68 48 4099
49 64 2386
55 50 2612
48 21 6025
15 2 6690
49 66 845
51 55 947
55 64 968
27 29 5995
6 42 9701
6 12 9293
20 59 9912
9 19 1243
1 62 3845
60 13 1787
6 64 4701
67 24 3060
44 10 2224
52 33 8168
2 23 2472
31 6 3573
55 4 31
10 26 9645
47 24 6695
15 23 7387
52 60 4218
30 15 4268
51 47 9421
54 57 8855
54 43 4534
62 66 9899
37 49 4237
70 67 3201
6 31 1150
23 5 6050
61 52 6253
57 7 8157
25 31 5541
23 41 88
70 18 3497
19 43 7069
31 14 1659
16 41 1210
70 36 2677
31 59 2726
51 24 862
31 71 2797
64 28 6632
49 51 5814
41 62 9779
12 53 198
57 37 6230
33 20 2150
10 40 6885
28 40 8119
7 55 1917
24 21 5995
70 35 1262
68 14 8524
38 58 1058
5 19 2995
71 13 564
48 37 3653
70 34 1180
7 34 7245
47 32 7830
35 69 166
49 56 2498
32 59 1769
66 9 9959
17 36 1773
60 10 9825
17 70 2706
51 13 2314
21 61 835
31 69 6817
38 22 7912
56 28 3791
15 17 3974
62 25 2457
19 42 9490
45 18 1101
25 21 5109
52 20 3984
11 21 6643
47 32 1873
29 22 9101
21 18 3862
58 53 5611
1 18 9606
52 47 4051
39 17 7298
41 71 6753
49 30 7318
18 55 5890
58 24 1757
59 47 4175
31 32 3536
66 41 8839
28 70 7119
35 57 1646
65 48 699
57 62 4922
10 54 2569
34 53 9123
3 62 2554
36 43 9343
32 65 6995
34 60 1481
39 38 2144
1 35 2749
12 17 5767
4 66 5920
1 67 6966
3 27 2110
22 44 1742
24 66 6869
13 14 299
12 9 5880
34 8 602
25 49 1027
69 30 3420
21 44 5434
47 25 7300
35 47 6890
58 23 7700
32 56 330
69 2 6935
63 42 8015
1 25 5942
7 17 3837
27 58 9773
11 1 3300
8 60 1769
52 1 2728
44 5 6328
15 13 4152
36 71 9827
16 52 9190
71 2 2404
5 32 9505
51 61 1145
47 30 6363
70 18 2139
3 70 5783
10 7 9174
20 38 7224
19 3 8345
8 66 2340
63 63 9339
50 9 8782
27 63 498
18 57 4811
34 7 5127
32 64 6840
65 42 1361
59 49 4326
50 8 950
41 20 6659
56 46 8595
38 39 564
70 31 5439
7 13 3745
46 17 8483
36 63 9170
40 4 9049
23 55 1582
65 54 2151
25 55 3400
59 41 9837
45 67 9025
54 32 3371
6 9 6055
17 45 7891
33 17 5255
61 56 8061
58 39 7537
60 8 5014
60 43 2667
70 33 8233
34 62 3960
55 49 9113
34 34 1338
5 29 2822
67 65 5611
56 19 6478
11 9 325
41 59 7073
35 40 2445
36 3 2021
34 31 6071
40 34 6136
48 31 9704
38 22 1746
58 64 3338
67 19 1338
33 56 4161
12 55 1363
56 8 7684
44 50 5838
63 50 5789
19 71 9313
40 17 7079
2 60 289
4 52 1060
26 11 8580
15 47 1369
56 37 7540
4 12 2948
8 57 5564
51 19 7472
3 63 3141
57 26 2329
8 31 1613
38 61 5809
43 13 8829
1 34 2618
9 17 1947
47 13 3066
41 71 7627
16 7 8791
43 1 9431
62 4 1262
35 41 2639
24 64 1089
61 33 7305
61 14 1440
11 56 9257
22 67 7337
7 8 3871
25 68 7667
49 42 1332
27 58 8013
7 38 6005
43 68 1169
60 60 9149
32 8 9680
12 29 7893
50 37 2617
48 26 5497
8 71 9865
65 25 2929
9 66 3022
11 16 3174
21 25 4974
68 3 3471
54 38 4269
67 35 6224
41 52 5569
25 15 9797
33 56 1822
67 67 6279
12 7 603
12 38 181
42 32 6430
48 11 399
8 15 9224
15 53 1115
6 10 4764
59 19 8762
49 7 4690
21 21 213
14 62 5202
6 56 97
39 44 8385
45 21 8690
12 47 5301
59 3 6008
38 70 8467
35 67 6847
47 10 3952
63 66 8835
27 33 1144
55 18 238
2 58 6893
14 65 4035
3 20 9120
14 70 4263
43 20 6453
31 23 1926
29 69 280
22 53 9316
53 32 6777
70 3 7423
56 16 2050
19 14 376
24 71 8977
11 54 5393
52 22 6388
31 61 3200
38 44 677
51 9 1970
44 23 9140
5 11 7597
2 62 4393
7 65 4510
14 20 4689
20 57 9937
55 56 301
26 5 2522
36 35 6436
1 28 6632
60 65 6293
9 41 3675
65 40 1256
19 66 1641
7 2 7941
18 63 1493
32 30 3383
69 67 9902
40 67 6369
27 31 4840
63 52 343
62 17 3584
69 67 2164
8 9 2744
31 43 1460
47 17 759
61 42 574
31 7 3885
38 57 5407
26 25 9072
5 58 595
52 54 8299
31 49 534
67 9 6176
37 9 1921
2 59 4467
21 11 1861
34 24 5032
54 37 2112
66 1 5946
23 54 6765
11 6 3082
35 55 9296
7 32 2584
21 1 6915
40 6 2316
21 60 5679
5 71 1380
61 39 8843
18 11 6474
34 64 2298
1 19 4782
31 15 8198
1 69 1169
57 61 5638
28 2 9533
57 22 4089
33 36 2249
64 13 1630
61 46 7514
67 37 7951
27 47 3571
16 53 2126
32 4 5533
29 9 8417
21 52 740
22 19 9360
36 9 775
25 56 1540
12 45 1361
9 58 1799
16 65 3600
30 52 9556
49 27 9436
58 51 4122
63 23 4579
59 14 911
20 59 5693
21 64 274
41 11 663
27 25 3508
23 30 245
56 43 5719
34 5 6319
14 53 8524
17 5 1663
11 43 4439
46 38 5140
63 54 425
41 29 408
46 22 1288
53 7 5441
38 28 7933
68 4 4257
53 46 6927
8 27 1519
40 71 9262
21 10 723
40 34 865
11 8 6227
34 25 9752
29 53 6259
15 2 5545
44 59 5638
71 24 4610
10 18 805
37 18 7898
38 56 3427
61 11 2117
49 9 8998
70 9 3175
61 50 3606
37 27 6777
49 54 3813
60 71 9616
21 52 467
62 30 4850
6 37 3986
48 27 3696
56 34 5285
13 60 4043
12 71 8203
22 1 196
60 27 505
32 41 881
43 49 2483
50 8 77
12 41 5242
64 10 930
27 9 2963
63 4 1017
1 25 62
67 51 7527
16 41 6389
70 14 7422
10 24 577
48 32 5887
61 23 5247
19 34 2024
32 11 6577
60 9 7181
1 58 3246
70 54 2021
48 71 74
48 46 3284
18 50 8260
4 10 8478
36 68 7459
52 61 4017
45 47 9779
52 9 3655
32 44 5753
67 62 2056
17 32 7705
38 62 506
20 13 4763
71 64 99
58 40 6159
58 36 6241
49 1 7446
12 53 6520
55 39 8942
27 19 1442
36 9 737
10 33 1978
19 31 6673
14 51 1087
69 30 1468
62 57 7043
69 57 2689
51 70 6637
37 32 693
61 1 6063
43 39 2173
48 22 6804
66 26 2763
40 45 1819
46 68 8232
15 8 5528
34 10 3975
15 37 638
40 51 4472
69 13 4151
63 18 7928
19 7 4664
6 2 3932
36 4 7571
9 62 9486
2 58 9435
51 37 5918
40 36 5201
66 70 10
4 71 519
6 65 7546
11 32 6963
71 69 5924
36 53 7993
50 67 3054
62 55 8082
71 43 8029
30 9 5893
30 37 2163
5 70 608
38 31 1654
7 24 9266
22 63 8842
11 42 7100
53 8 2736
56 8 2567
20 19 4091
51 70 2726
4 65 5910
59 28 8180
37 54 1754
14 41 5669
7 5 6025
47 8 7299
56 6 6539
25 53 1014
65 45 7931
1 71 8816
29 21 6184
51 41 1863
25 23 4878
4 31 7110
43 55 2305
20 3 6676
57 44 9742
46 34 2075
51 41 9732
12 24 5074
18 26 1740
70 35 9950
30 64 3949
66 48 8777
47 45 1789
27 29 3375
3 51 1807
55 51 374
64 40 5586
20 67 3711
68 5 2532
24 32 769
33 48 8377
17 16 2346
53 13 9106
2 52 1051
13 60 7093
37 39 2321
16 10 9822
15 14 9196
4 58 1498
6 19 1483
44 33 2406
12 69 9019
41 21 2363
42 39 174
36 60 4154
59 67 5646
43 43 8296
15 17 202
6 16 1931
41 49 8308
33 13 9682
9 32 3654
38 70 1895
64 58 5793
41 21 2641
39 42 2751
53 21 643
40 8 1977
60 34 5273
27 57 2061
13 26 8730
63 19 4624
66 1 2936
46 64 7687
39 56 7798
54 55 5488
67 56 1011
34 61 3481
4 19 2717
13 15 9211
24 1 4642
69 7 2916
38 33 3822
44 17 9044
26 49 73
25 18 4983
16 69 8669
22 46 5976
4 45 1369
3 50 7196
42 41 4203
19 29 4690
36 1 7303
48 66 8373
5 32 25
8 50 3967
21 25 7739
10 69 7832
67 18 1486
63 69 9613
49 45 1356
50 19 4119
55 17 8663
13 43 5227
69 21 5898
67 35 9300
50 19 1824
33 50 2061
63 43 3260
13 69 9765
54 13 4336
27 41 2429
41 42 4427
66 49 5747
69 6 7930
71 19 2202
47 18 1215
34 25 6505
70 37 6065
57 14 7435
50 46 730
37 58 3962
8 51 1052
46 24 3475
69 59 114
31 57 2403
45 36 7003
12 53 5419
22 39 7058
58 57 9602
10 5 5960
53 57 571
16 20 691
23 30 3319
29 32 9554
69 60 2250
47 7 1719
41 52 8361
43 2 1734
30 55 6200
45 69 2151
37 13 8779
45 15 8432
62 51 3418
66 8 974
67 26 2080
52 71 481
35 49 1109
45 19 7366
65 45 9403
23 5 6736
57 12 2365
1 63 7362
47 44 6412
35 41 3542
64 10 9039
39 37 6459
1 65 3735
10 3 8901
43 57 2701
35 22 4255
54 4 2359
36 39 9482
31 63 2794
29 49 1271
7 52 2787
36 23 2195
71 58 6870
66 51 2376
10 1 1054
51 1 1874
45 38 1227
70 6 6061
19 21 3364
51 18 627
16 2 1016
1 62 2547
3 46 2866
49 14 3786
68 33 9038
40 67 4630
32 20 2503
39 50 2945
57 14 776
27 53 8698
44 62 6538
18 32 3761
26 22 8111
11 2 284
24 67 1755
61 5 9200
35 60 8174
50 59 7738
60 20 5405
9 29 2954
66 61 9346
28 38 1152
22 41 9811
20 56 7554
39 30 1766
43 16 757
19 32 2410
31 66 2075
28 63 46
69 5 8966
43 35 7752
26 60 6722
71 1 2801
60 32 6626
58 51 9603
52 40 5647
3 23 3307
28 36 245
57 61 1555
23 51 7133
55 67 5252
11 65 5849
44 71 4107
23 35 4822
51 42 8074
63 18 5595
56 2 5541
17 46 482
61 62 7397
44 70 9594
1 18 2429
51 49 3841
37 7 2876
34 38 5685
37 17 1377
17 65 9543
58 7 8355
70 26 7269
57 18 2471
60 23 425
11 68 8983
17 41 3209
2 25 5870
20 46 4390
52 48 2317
64 7 8209
42 67 4329
60 25 423
42 59 4663
21 7 8750
69 29 2008
4 32 842
15 10 3271
4 20 216
36 6 504
20 15 5323
56 37 360
70 39 4768
36 19 6638
8 68 3812
55 30 1899
33 33 6663
59 32 2127
69 23 3400
11 21 6687
44 64 1359
16 70 8627
17 61 5642
1 25 4020
19 50 3233
7 27 2891
68 48 7108
10 50 8416
7 16 5663
66 28 1343
28 29 4245
65 43 146
71 22 443
14 59 5165
40 10 730
49 57 6199
41 33 279
26 24 6238
67 64 5793
4 5 7659
17 70 1343
15 25 9354
48 34 3193
47 70 5362
26 56 244
40 6 5214
7 59 1055
50 41 5782
55 7 6699
33 32 3739
17 6 2837
38 32 6435
71 20 7493
16 67 9635
62 27 6276
58 51 7649
42 67 9184
14 63 335
27 18 2259
23 28 9377
7 45 4335
69 6 9188
66 34 8777
41 27 7306
33 28 8454
9 8 8006
67 28 7440
50 29 6133
16 19 6105
54 4 780
37 41 1114
53 37 6135
23 26 7989
59 56 359
45 38 1849
13 7 4751
42 61 7294
62 67 6668
42 13 2553
12 71 8048
5 4 2203
12 5 5353
58 8 8225
10 58 129
30 60 6240
52 50 4935
41 62 2043
68 56 2402
1 43 411
16 42 2011
58 19 9808
29 2 8016
62 27 4530
56 19 4115
36 58 2344
13 15 4620
37 56 9354
68 11 2062
1 63 7985
49 39 7800
62 44 6491
18 59 4636
45 51 3341
15 25 6228
20 41 6435
1 68 3767
28 67 5729
28 60 3623
33 3 6792
48 46 5026
56 1 4988
47 62 7505
18 10 9362
62 16 7296
5 62 2821
46 71 895
26 54 7048
20 17 9223
3 24 7112
4 16 4640
69 63 346
62 29 6743
65 49 243
21 71 2839
21 40 9919
24 19 532
65 39 9484
51 55 3345
22 49 1169
62 33 2619
37 24 2517
28 34 4121
27 48 5606
56 25 5428
58 43 5347
24 71 4201
39 28 8336
41 46 8676
10 14 3067
8 30 9427
66 50 2439
44 30 2310
12 35 751
43 29 8928
15 70 6342
39 7 4282
68 51 9208
67 28 2520
38 9 3268
19 71 1357
56 24 4132
19 47 4994
26 54 9940
38 65 5594
31 30 9538
47 65 237
27 18 7007
28 53 4241
59 23 2139
47 23 9008
25 7 9440
12 21 2742
44 18 516
29 14 8671
54 6 449
17 55 6013
38 46 8482
1 28 9518
36 32 5637
27 21 9188
9 5 350
59 64 1962
3 43 773
48 34 6401
4 62 8569
70 28 5829
49 61 7759
58 32 493
29 63 993
48 47 5601
52 4 2780
65 58 9888
8 9 2085
16 61 2832
37 28 3825
42 68 5709
48 48 4694
30 19 3419
24 32 9593
10 62 9041
13 31 6895
66 13 8641
11 12 625
56 38 8807
38 37 2486
68 41 7378
47 29 5317
20 45 6175
69 24 436
9 38 8683
62 1 1193
32 38 2720
13 16 7857
60 44 6148
8 6 1162
49 29 411
2 32 116
50 48 5992
28 59 4678
28 56 4498
33 67 42
55 54 8628
36 10 4601
30 30 3063
10 71 5669
40 5 3491
10 18 8619
45 68 312
37 42 3735
47 51 1784
71 14 5382
5 14 1819
52 58 4975
66 49 5244
43 60 3164
17 15 502
43 64 8883
6 13 4058
65 19 2873
31 27 4322
45 24 9071
38 1 1401
28 47 7077
27 47 10000
14 15 4126
10 13 4794
42 26 8573
26 14 1611
69 52 6167
13 9 401
28 49 2915
6 18 9872
50 21 9242
58 33 7976
70 35 2275
16 38 3291
16 27 5914
25 10 6578
66 32 1847
61 38 403
56 42 8477
20 60 1548
30 4 3838
43 12 7464
69 35 2243
8 18 3322
38 53 1945
46 7 8059
10 37 2260
70 35 9344
40 51 1382
47 32 9629
23 59 6893
41 26 4415
11 43 112
63 9 5068
7 29 1484
31 4 3058
8 18 8039
55 58 1435
5 55 3210
61 9 4313
20 68 9197
61 9 737
15 17 2505
47 61 6837
41 11 481
12 15 9908
8 58 4030
14 66 7669
66 27 1328
70 34 4758
70 36 1761
24 34 6816
23 71 1096
32 51 2256
19 41 4739
24 21 8882
14 56 3839
18 41 5021
38 22 6191
10 49 7291
56 22 3636
51 10 4362
8 15 6581
43 56 7670
16 64 5268
58 3 2508
19 41 7747
15 31 1223
67 67 2960
59 7 6545
58 55 4069
6 49 1720
36 63 5005
51 65 59
13 30 4767
30 58 1828
19 12 1196
67 39 9178
54 67 1400
47 26 9381
10 14 3019
30 58 6537
2 38 9145
15 51 1274
40 69 2285
17 10 2170
17 56 3143
70 59 1133
20 5 2166
64 16 8245
13 9 4206
20 19 1540
69 8 6330
15 49 6015
29 28 7151
63 67 5380
39 20 2262
44 53 7447
20 20 7291
47 62 4686
42 48 4031
57 58 2230
69 1 4512
53 57 8116
28 32 8266
62 59 5815
20 28 1987
63 68 9148
53 42 7532
46 33 7060
34 2 2976
57 29 1992
35 52 4867
12 45 1139
70 48 1055
68 71 2036
50 34 6436
66 15 112
58 35 7
31 64 3553
58 33 3927
40 20 2363
9 11 4695
22 4 3617
8 8 3457
12 17 1781
29 67 6098
16 6 7731
35 51 2800
22 51 1094
49 38 2748
16 47 1201
10 12 3084
26 15 9010
9 64 2179
12 3 2199
20 64 589
38 44 4829
19 32 6688
44 55 118
66 65 9896
10 21 6444
25 68 4958
11 3 8361
58 42 6798
23 17 7277
30 58 5097
26 39 3030
32 70 2646
23 40 8680
51 9 827
2 4 1128
24 3 3642
21 13 855
61 30 6004
66 48 4636
65 27 1840
63 66 7476
41 39 4488
67 69 6411
26 32 9498
5 7 7969
40 44 542
6 66 9175
30 8 9249
34 28 6029
9 65 9350
52 71 6936
29 12 1101
43 62 1701
69 62 1339
30 36 1176
59 12 1528
52 26 7144
18 46 9881
53 25 9005
29 45 9652
42 12 9743
35 18 8209
34 27 6071
52 28 2843
8 55 1867
69 21 203
42 68 7578
57 12 9510
57 2 2209
67 26 5803
37 71 6365
56 25 6672
42 14 1379
15 69 9096
17 67 1842
30 62 6955
11 50 7600
39 19 2585
44 7 1064
31 14 4483
3 27 4894
12 16 8481
52 24 6800
28 71 9843
5 51 7110
14 52 4973
58 15 3884
10 24 4037
40 64 369
26 51 7691
6 32 4254
31 25 6254
23 38 1105
58 40 5582
4 21 863
45 10 4554
58 26 593
28 9 2911
32 20 2589
39 26 6180
25 38 992
37 16 4486
53 19 2922
18 3 3208
28 70 1468
64 8 5802
66 63 8722
55 51 6220
33 38 8363
26 69 4581
33 64 8285
24 40 9117
16 12 6911
51 37 3901
33 56 4998
58 18 6071
70 70 6746
62 33 414
4 17 7689
20 63 9095
8 37 5327
47 27 5740
46 68 403
35 44 4180
31 15 2778
46 18 6199
44 66 1158
58 10 8139
26 20 3778
41 32 8368
64 52 123
25 32 7515
58 15 5086
17 9 9004
69 65 781
38 27 6769
47 47 7109
70 67 3430
16 16 2179
38 61 325
33 52 6410
53 12 6027
71 21 3533
30 62 772
12 47 2006
36 10 2880
20 39 706
12 9 3792
8 18 5143
30 28 8742
46 15 8856
56 18 1205
19 56 7081
67 30 8786
65 6 9717
45 67 9149
31 46 1188
52 8 4534
63 46 2437
19 54 1255
35 27 6198
33 7 628
51 42 108
66 65 2132
17 7 2913
24 6 7333
57 22 1533
3 62 3810
49 69 7367
48 44 7140
22 67 7147
11 70 8749
54 13 1204
33 43 4673
61 45 2928
50 54 979
18 44 5340
9 39 1795
63 32 7372
23 35 5158
14 14 7382
24 12 9294
55 7 7072
64 65 472
14 49 8697
53 16 694
61 41 8730
22 40 8866
38 40 6069
63 27 1618
62 49 5923
38 29 5462
25 27 2324
52 44 3925
11 49 3974
61 42 6790
15 71 6210
40 28 2937
6 70 7427
60 64 853
46 10 8234
29 57 7805
66 37 1764
39 33 188
3 25 1058
62 28 9296
25 34 2175
60 24 256
22 23 3465
65 58 1663
6 21 4413
47 37 2611
15 46 9087
46 58 7964
67 10 8841
1 54 2599
36 42 1861
68 24 8272
66 51 2716
62 70 5786
66 18 3238
34 4 1203
54 39 1800
63 30 9615
27 2 6325
66 9 1593
36 63 4659
53 64 5770
70 61 4488
14 56 1375
30 25 7526
9 64 4479
1 17 5397
68 27 8167
54 39 5670
41 28 9788
46 32 3756
24 4 9697
40 19 4865
16 15 5795
69 65 8164
2 4 6442
8 3 2748
63 39 6732
11 13 1962
32 14 6138
61 25 8556
50 17 7819
9 26 7958
51 65 2968
1 27 5683
10 35 510
3 21 1823
64 41 1905
70 36 9837
51 45 2635
30 67 9297
22 58 9914
71 42 1066
35 9 7032
61 23 6109
45 60 2625
42 43 1550
61 19 6874
48 58 8706
65 16 2843
68 45 7239
71 11 1906
33 22 1466
21 62 3930
58 46 6942
56 67 2085
56 34 9847
30 8 9198
50 4 4801
16 48 92
49 34 2718
25 7 8990
65 41 1264
49 48 268
25 16 836
37 12 871
41 64 373
25 71 8390
23 60 3191
43 16 9524
50 14 2153
13 62 7345
48 9 6496
71 1 7038
59 20 3604
37 50 7751
58 47 7207
55 67 4295
47 48 1572
5 28 8590
24 60 2167
7 64 9394
48 66 9121
69 58 120
5 34 1363
52 41 9381
9 48 2239
57 44 910
43 71 8616
25 59 5938
5 61 1733
17 51 7241
3 31 9684
2 42 2722
57 31 3293
65 38 1377
58 27 198
9 31 5475
34 18 3805
6 17 3993
62 54 328
7 43 6420
62 68 1524
38 69 1098
50 40 5642
61 48 8527
17 66 1416
45 59 4320
62 60 7232
2 66 6711
30 63 9246
38 46 4706
42 15 7789
14 7 4482
6 47 4395
8 15 4454
6 9 3937
10 53 617
19 41 4171
39 58 3493
48 29 1504
58 13 1773
28 68 7903
69 55 9179
40 7 6196
15 11 4556
64 27 2699
33 45 8178
39 61 6518
40 15 2150
45 28 8960
34 10 5568
62 6 6760
65 53 5977
9 37 7542
13 51 6846
65 43 5846
9 26 4580
27 44 7918
4 71 9578
15 36 8941
64 26 8458
27 58 2422
49 28 1439
62 12 3436
46 39 485
20 39 5950
30 64 9684
18 9 2986
8 54 9837
22 69 9578
8 2 7283
4 39 775
51 59 1993
27 69 7479
59 11 587
17 15 8902
47 42 2742
25 43 3283
6 57 7768
30 14 6122
48 2 6438
62 25 4791
31 63 6114
11 37 6560
47 67 2603
59 59 456
19 28 3140
40 43 5917
19 16 2805
32 29 6958
31 21 8350
7 70 2873
68 22 1912
55 60 2996
8 32 5069
69 34 9436
51 45 3345
63 67 9872
26 46 1497
69 38 2855
52 29 6427
31 18 6580
11 23 6399
18 12 1780
46 31 6525
47 69 7830
16 61 8129
47 45 530
48 41 1015
38 10 572
50 65 8379
48 25 7803
46 42 1293
5 15 59
30 28 9543
8 66 7112
69 30 4499
42 50 2865
5 55 8596
59 55 4359
42 37 8217
7 36 2193
60 13 9139
30 51 8411
56 6 6009
43 6 751
40 45 4707
7 20 276
67 24 7488
34 9 6524
22 36 7565
11 6 6735
52 25 6330
46 6 2258
40 12 9490
37 71 5105
40 25 9937
31 46 595
63 12 452
33 69 8815
47 49 5207
39 23 6911
31 18 2770
25 10 7281
29 12 6001
39 5 3956
16 18 1753
56 27 6344
1 55 2583
22 49 5258
4 39 199
47 17 1068
44 9 4938
70 4 3246
21 20 5202
10 30 2714
35 67 2406
42 3 6127
70 20 5065
50 8 2909
11 52 905
11 39 9463
3 52 2009
66 43 7292
18 39 6514
13 68 507
63 40 3572
7 42 1028
48 34 6973
58 17 614
5 43 2652
35 66 3111
1 19 1102
16 16 6994
4 11 2070
33 64 9972
51 47 1100
45 7 2712
11 64 622
22 7 2727
39 63 4337
71 15 474
27 38 9461
66 41 1172
22 2 31
52 59 2942
13 32 706
64 25 9024
57 67 9317
13 34 3612
37 13 920
15 2 8448
71 4 7299
67 8 9291
56 55 933
33 48 1573
5 63 2203
34 7 7576
24 36 8492
69 37 1222
39 29 1481
66 70 9768
63 64 739
45 31 7776
11 44 1044
8 22 3407
38 25 3007
56 18 9915
6 41 7925
10 38 225
58 29 7710
29 32 6351
60 41 1031
1 27 937
21 27 1798
25 57 8422
56 25 5200
32 8 6679
64 23 4572
28 40 2819
28 36 448
6 68 1119
29 43 5416
59 61 4930
68 42 9480
31 22 9807
45 67 4120
41 38 4401
1 4 7949
50 46 368
56 31 6930
39 16 7055
34 52 253
61 50 3136
26 36 1007
64 6 483
44 60 1169
41 52 6622
67 10 6836
33 61 6384
26 40 756
60 9 8502
24 10 6562
33 36 6774
17 69 9427
64 50 2495
20 25 2688
69 56 6268
38 18 4022
15 15 4755
44 15 9400
31 48 6731
40 70 3293
48 58 8911
46 22 8992
50 70 4558
49 18 3199
11 49 9083
13 44 3339
46 6 1145
65 44 5488
56 65 907
24 57 1631
39 40 6823
6 19 9185
50 54 70
71 12 664
28 44 4983
68 66 7565
7 37 3925
8 55 8717
6 20 5577
49 56 4049
38 11 1680
16 48 1633
64 37 2405
40 5 7307
32 68 581
2 6 4910
17 66 620
24 5 3015
10 2 42
8 14 2541
66 5 2866
48 69 1910
47 49 6836
23 38 457
18 45 1995
21 7 3312
5 59 3928
26 3 9573
50 63 7717
10 5 8652
28 44 801
14 39 3707
44 62 8517
57 25 9885
40 4 8658
13 22 8903
64 68 38
53 13 8416
35 35 6030
68 34 1107
70 31 5087
34 8 1364
65 1 934
66 22 7669
59 63 4964
57 17 9017
13 13 5746
57 19 2374
69 65 1551
51 52 572
19 71 1378
65 43 2260
32 53 2175
2 36 7538
30 43 8167
17 1 1450
56 36 8832
40 18 7619
51 61 2653
8 9 255
63 49 8876
49 10 9529
30 49 6779
54 4 7101
52 59 1523
24 32 7530
32 37 2957
52 6 8595
15 15 6022
44 24 162
52 15 465
48 1 2062
66 19 7738
69 70 3669
22 42 1712
20 45 323
65 14 6714
62 53 1620
24 52 6430
45 5 9056
52 32 524
9 56 6957
11 5 8037
43 69 8804
11 63 6153
6 71 9048
40 52 2991
63 68 6444
36 12 822
45 67 256
43 66 4002
17 40 6496
31 28 7160
1 2 8463
66 26 6224
43 53 5822
13 42 7687
49 13 3006
31 14 4062
63 32 4598
57 48 5553
57 28 4732
5 41 5412
37 38 9701
37 1 2209
14 68 9340
62 23 9894
41 62 1701
67 13 465
58 7 1508
66 55 3426
12 7 4533
45 47 4237
9 24 8147
60 57 4635
43 5 4406
17 24 6841
57 9 2498
69 45 2052
28 42 9975
66 13 645
31 5 1071
45 21 9296
71 51 9697
47 43 5647
49 14 6823
25 16 3336
35 71 2245
48 51 5786
50 15 9074
39 41 6270
56 37 3749
51 54 93
1 23 3380
38 60 1409
35 54 513
52 33 7950
69 12 1393
24 51 8401
38 4 5891
59 20 5103
12 21 560
12 56 9877
52 71 5677
69 4 3544
18 46 3684
26 16 682
21 32 2210
45 46 2359
12 2 503
15 12 5679
42 4 4946
33 31 677
12 4 9016
23 14 286
2 18 9402
4 42 3498
53 40 2535
17 45 5740
23 49 8811
54 15 5988
68 63 5903
56 56 2611
3 13 1034
46 41 4418
38 64 83
19 65 1343
52 26 3817
26 53 3031
64 66 252
65 22 6120
19 69 8965
42 6 7293
4 6 4450
37 33 4047
24 28 3263
70 42 6231
15 8 1594
13 71 8268
68 21 111
19 37 8603
19 8 9471
46 33 2086
33 39 7094
26 24 222
26 1 452
38 32 2996
30 36 4370
47 18 3185
25 60 6249
31 16 5107
17 10 8024
59 31 3692
60 6 8299
48 35 5927
46 3 1725
26 30 8314
50 51 8146
53 44 5991
6 71 8998
45 66 2453
64 8 8214
18 13 3444
22 7 7906
22 26 7011
10 14 7105
46 29 7625
48 24 9828
56 6 7008
4 12 9003
57 18 9912
22 9 9685
17 23 7548
49 52 1298
24 68 7380
10 49 2218
52 47 2743
58 44 4681
19 67 2186
13 8 882
46 51 2188
13 43 5171
33 67 6533
31 51 6291
12 54 5692
42 26 5712
10 59 3954
36 71 2005
17 18 412
63 55 3591
46 3 1248
2 23 8272
5 36 912
50 12 517
4 34 9499
44 43 1682
55 3 7544
45 43 3477
36 32 3578
41 67 1812
55 27 283
47 64 449
15 50 2407
1 10 4493
18 6 8947
43 39 1672
2 61 1710
69 48 1719
39 7 1402
13 46 7344
28 5 1353
55 63 593
59 18 6834
67 58 7535
47 2 7467
61 51 1781
64 66 8474
49 24 4997
14 4 9771
37 39 43
20 15 9887
2 67 6236
64 38 2594
50 65 2222
5 65 2800
56 17 4274
67 63 9383
10 36 1246
54 54 5494
52 12 2310
18 15 8298
5 54 181
22 12 1858
12 37 2339
25 43 8512
5 21 7311
6 1 1401
12 6 4537
59 52 1422
32 4 9828
46 20 1821
22 36 1490
20 21 5496
35 64 5448
42 22 1229
66 21 9827
4 39 476
48 68 3797
71 6 2687
30 52 3185
19 65 1354
62 6 7687
8 7 3692
41 29 2456
45 22 1701
71 69 1496
64 36 3900
35 1 1238
39 8 8000
45 32 8462
16 20 8003
18 13 605
21 9 530
59 59 7042
37 41 9995
36 20 4024
48 54 5259
2 57 7362
48 39 5748
49 52 3166
32 25 2443
18 35 6378
50 20 2713
31 18 3109
24 42 5584
47 33 8302
28 71 8323
69 50 9561
25 56 7712
42 50 1708
57 24 4211
63 31 6414
55 21 6487
59 45 1536
32 61 7627
41 54 1346
52 23 8754
27 37 2343
48 35 9693
28 59 3335
70 69 7916
61 27 2713
54 39 2760
6 50 9152
16 33 4137
54 14 1793
68 11 7120
65 46 6730
42 2 5648
52 39 7551
38 50 4444
64 52 781
29 64 3054
17 3 1264
20 39 3557
5 33 4531
30 2 6856
67 10 3996
65 8 3309
62 39 8040
44 30 1983
8 18 481
37 50 7549
69 30 995
11 2 8922
70 67 9102
6 13 5267
41 32 5796
23 60 128
4 12 3843
28 43 5355
29 41 1599
26 19 1509
67 32 1528
71 16 6301
40 14 7000
32 16 8103
61 24 2203
68 28 8119
66 42 6320
37 21 4184
38 14 1069
21 52 491
12 52 4399
67 55 2189
29 55 2751
21 34 7995
32 26 3795
25 16 520
33 12 1050
22 43 2995
9 52 4824
3 62 8450
23 62 5149
52 44 4135
25 17 5112
22 38 3916
60 7 5419
35 62 3502
48 15 2485
19 31 7320
62 33 2371
61 64 222
51 60 5
55 25 1586
1 38 7186
53 4 7402
11 35 6990
38 18 3764
60 22 3335
22 49 9273
28 18 1602
59 36 4106
12 9 6485
14 2 1895
62 48 365
38 11 8370
67 53 6399
36 63 8289
18 25 8044
34 55 9288
56 6 2735
67 45 1964
45 1 3265
7 62 160
38 19 6343
24 68 631
37 3 7125
8 22 2693
64 58 9196
51 28 2530
39 53 3581
11 35 8640
24 35 976
57 68 3326
57 52 1632
55 46 764
1 56 1184
26 5 3686
24 53 7448
25 49 345
44 3 1389
43 25 6557
29 64 7720
67 48 159
59 69 9887
43 13 1050
67 28 4973
62 43 5237
53 2 3367
3 38 7472
23 23 9064
5 30 4609
58 8 8771
19 71 5346
66 71 2203
36 30 9746
51 48 296
10 36 5094
54 48 34
31 61 747
36 42 5596
26 66 5864
29 2 580
56 44 3058
47 18 1698
20 14 7859
35 37 5274
64 45 2090
29 40 1465
25 62 3323
7 37 496
66 64 9421
50 37 2631
20 45 109
67 24 2762
48 23 5821
42 6 1042
67 28 7050
26 39 1080
64 28 4317
21 9 3184
29 3 1664
62 26 1582
35 60 2202
34 17 5328
58 47 4347
6 44 7038
48 61 4959
36 58 6072
53 65 2508
43 1 4247
47 51 2312
71 11 8992
18 22 4792
35 66 4930
15 59 1894
17 20 7712
14 71 3940
59 40 8826
18 58 5652
3 67 5190
22 56 7791
6 47 4812
41 48 7689
61 52 619
47 49 5295
14 38 6688
30 37 3310
67 4 1702
22 47 6143
11 52 9799
20 47 2258
59 40 9905
30 38 7753
60 46 2198
33 62 8219
6 13 7787
52 20 720
46 51 1426
21 22 4207
15 64 30
49 61 7553
34 4 2044
43 71 4819
4 69 8515
17 3 3914
8 48 175
53 59 1587
3 5 7794
61 9 1386
52 62 2056
21 54 4739
10 19 3199
69 56 1883
26 70 1798
26 36 4195
33 5 5585
33 44 3340
14 5 9634
69 66 3578
24 52 69
26 36 9587
28 57 6033
31 55 2524
51 58 8723
60 35 1251
4 30 4920
19 23 8621
23 27 751
57 14 6761
56 70 47
19 11 2714
57 5 6899
58 61 1836
1 66 3113
40 63 5509
25 50 1435
56 57 3910
43 28 9811
28 14 6464
26 9 8017
26 24 9709
27 33 444
38 38 6909
65 42 3851
45 39 5398
46 5 9412
71 48 1414
40 69 6754
50 65 700
17 5 841
12 50 1847
45 8 788
29 52 9181
14 6 5709
36 68 4771
37 27 2125
13 24 4597
41 44 2860
14 6 9799
63 70 5266
27 26 846
16 34 8605
15 46 6361
68 36 7006
24 28 8359
14 63 4551
28 5 4821
30 59 2544
1 67 3235
60 34 9430
32 20 7672
3 29 53
17 18 7045
16 6 1342
35 59 5693
68 15 9186
18 29 6986
44 64 1104
4 58 5863
30 59 7254
54 1 7991
34 28 5259
21 5 6543
43 4 494
59 54 2804
52 46 3013
61 50 2704
66 50 3736
63 28 2696
56 15 7610
30 5 7953
56 34 7132
70 35 6358
46 5 6596
71 56 3379
69 62 744
25 60 5352
56 17 860
26 56 4699
56 67 7547
8 34 6426
58 53 7345
61 16 2544
9 62 3941
23 65 6762
38 2 1206
46 23 1656
23 14 4926
25 24 8605
5 56 4113
53 24 1952
32 4 276
64 18 5525
55 61 4177
46 56 3130
31 4 5033
45 14 8881
51 36 5920
44 57 3451
25 17 1707
17 35 1844
60 58 4330
12 52 6948
6 33 294
49 27 1066
65 36 9005
19 60 7120
26 19 1336
54 39 7976
24 66 1185
54 25 8591
26 35 6900
63 44 8563
35 26 2890
26 34 9698
27 32 4250
22 59 9155
66 14 7740
66 54 5800
69 52 1540
41 38 9993
21 32 2239
1 68 4744
52 36 9076
19 65 541
26 1 9060
34 52 270
19 64 1165
67 59 6380
29 70 662
42 25 954
61 32 5327
63 21 801
52 11 3892
13 8 3223
46 23 6216
15 4 9443
21 33 7374
23 67 6057
58 60 375
65 15 15
50 39 6543
58 6 3146
32 6 7506
53 13 2502
62 25 4730
68 54 3942
13 42 6683
23 26 3145
52 44 6681
56 68 3396
17 64 8719
49 25 4196
47 29 6466
42 9 8887
71 3 5280
23 50 1672
54 69 1546
4 51 901
10 4 5939
35 42 349
44 22 1727
30 51 2583
14 15 1180
23 63 2487
16 39 6273
44 19 882
22 14 41
62 15 3111
48 64 8737
55 36 8245
9 12 3981
66 35 484
4 52 8124
58 27 2051
57 6 2718
18 55 9947
41 9 1482
21 9 6898
42 47 7009
55 28 5652
10 30 5011
48 51 8452
33 30 9829
41 54 342
40 7 5410
67 15 8613
16 37 3341
64 53 14
55 29 9613
9 11 3926
1 19 4546
6 9 6379
50 39 5699
26 44 9753
52 31 6985
65 24 6749
26 29 1623
11 23 3838
59 30 6129
40 48 3166
38 10 6684
27 50 5164
61 60 2177
23 71 5329
58 54 1762
69 49 4962
9 8 7871
2 4 377
52 28 1088
24 27 848
63 8 1060
31 43 4988
6 23 6051
35 67 9249
60 16 222
49 71 9801
66 20 4871
15 54 4347
34 54 550
49 39 3591
32 15 4179
62 3 9754
19 38 4164
13 16 608
3 41 9114
35 70 73
41 37 2223
66 7 3132
36 21 1967
31 65 6434
31 42 8058
61 71 5090
58 28 297
54 38 7879
11 66 9515
70 48 1884
17 37 696
35 69 3040
70 70 1982
57 30 2121
34 53 9750
52 14 423
32 20 8571
36 14 6393
22 15 3298
10 40 4498
71 3 8931
47 65 8324
22 6 7209
22 11 3329
1 5 4257
18 6 122
53 56 806
4 25 296
50 36 1182
60 24 2482
42 16 2300
42 47 5198
70 24 277
27 37 5340
24 64 6738
45 56 2822
12 1 8618
27 25 3833
38 51 2446
9 56 2573
65 71 1685
45 1 9950
62 36 2805
5 21 6180
29 18 6051
69 66 5747
40 13 1923
26 68 2608
63 3 1038
32 20 2034
31 4 2118
69 3 9951
38 57 2508
45 2 6670
17 1 8576
65 8 7917
22 17 7414
1 17 5953
56 48 9693
22 46 664
5 8 1211
16 45 1994
27 43 6609
12 13 7440
25 16 7364
19 67 6773
21 31 8310
23 11 7586
5 55 7049
63 10 5964
54 38 9797
36 40 550
43 6 1668
29 57 3487
41 58 611
29 14 3014
26 53 7525
34 55 671
52 70 3086
30 64 2273
67 53 8326
47 22 9313
19 62 825
64 68 97
29 15 5648
68 40 1680
20 26 612
62 44 8361
33 5 1342
50 23 5426
43 4 1216
60 36 8546
38 40 3536
42 27 7983
64 17 7186
69 66 6999
21 3 4228
24 6 4991
45 57 2629
45 57 9583
43 8 1808
15 24 8595
10 8 4501
12 50 5466
71 48 5283
14 22 8918
68 14 6809
47 56 3679
13 69 5836
29 63 4085
61 26 5281
51 40 6644
5 50 5899
27 55 8716
68 26 9601
18 59 5391
37 10 7800
2 27 5202
8 30 1518
60 31 7260
18 21 1889
37 3 8742
1 50 2087
59 10 3759
9 19 2200
58 5 1531
20 70 197
71 4 8124
7 6 2748
57 4 7250
28 70 1349
13 45 6404
45 9 566
25 17 6614
57 42 2502
7 31 1634
66 23 2248
25 19 1293
69 30 5967
33 57 7046
46 18 4097
65 58 4797
53 60 8803
26 53 8065
24 20 2052
12 35 8732
69 23 504
25 21 561
51 16 7627
26 2 7931
27 49 2212
43 12 2335
48 49 6038
29 5 4101
38 34 7497
26 12 1462
61 23 7689
30 63 2564
44 1 4531
69 2 1254
47 49 7636
45 31 7733
29 4 5232
2 71 4377
65 36 212
65 47 989
32 35 8000
69 14 2949
67 35 1275
38 16 890
22 32 7293
35 65 723
35 2 7404
60 22 1086
22 59 2204
17 40 6767
41 14 2378
34 20 2008
36 10 8533
3 71 6304
53 27 4706
44 52 3877
60 44 2943
21 11 6425
22 71 838
17 68 1095
6 26 6208
8 63 16
12 9 6939
35 46 4324
9 33 1173
25 9 3645
9 45 6437
18 53 321
61 15 7981
52 26 4103
48 19 1314
2 50 5999
27 10 1755
20 58 8428
18 47 2213
19 54 9382
41 23 2939
24 29 3823
59 42 7300
40 55 81
38 41 5060
26 31 2566
48 59 837
12 20 890
11 24 560
43 16 4819
18 48 6132
2 27 4822
55 1 2216
15 6 7490
71 63 3400
14 50 3475
22 69 5460
12 4 3747
63 19 6103
51 59 5057
36 54 3825
19 64 3210
18 14 6759
25 61 7518
45 20 2404
24 50 2149
40 48 6423
2 6 933
61 53 15
48 56 2205
19 22 510
33 22 8137
36 12 4161
43 4 6961
49 62 4546
43 58 4990
27 14 739
5 3 3166
56 62 9756
24 11 6344
18 36 3632
24 10 9810
62 71 2682
32 4 3095
36 68 4022
30 67 8610
49 8 1973
28 53 227
52 70 6059
12 36 4025
19 8 7781
31 8 1860
41 12 2753
16 15 4676
71 10 4577
42 8 9828
71 50 4253
26 38 1052
9 45 76
23 14 9463
20 28 2820
6 40 3539
38 63 1677
60 53 8219
57 19 2391
64 19 1185
6 44 9118
42 46 1261
31 12 3633
28 66 1392
49 8 3223
4 67 4571
63 27 1135
2 9 949
7 63 1580
59 32 2640
62 2 1680
15 36 2450
3 58 2100
17 27 1725
41 53 4526
44 10 5418
71 50 9324
5 24 9604
43 63 3707
60 16 6195
1 14 8700
62 53 6378
35 68 8384
61 31 386
58 27 7720
30 43 4733
69 38 1234
14 17 9571
19 55 1290
41 60 2083
24 36 8165
57 64 119
63 18 7439
53 17 5957
56 24 9158
8 62 2419
24 55 9231
50 43 8699
71 58 4932
31 34 9413
61 48 7569
54 37 6873
27 2 6768
4 55 2329
27 51 7694
2 27 810
67 10 6485
12 62 6764
47 27 1765
12 2 9243
2 65 9001
71 60 2736
41 43 5231
2 69 8762
30 53 9829
22 6 5697
5 59 6788
68 41 1503
66 67 1809
25 22 7031
30 65 8831
40 26 4651
58 58 500
24 66 588
65 31 5149
64 47 3920
6 27 8219
51 34 9311
29 6 5836
3 37 6016
25 51 5991
54 47 5113
36 64 769
31 23 3594
64 16 9117
54 12 6687
12 32 9963
27 30 6177
47 53 7736
58 49 5641
59 47 2583
26 60 2271
15 7 6434
23 26 2690
47 7 1411
18 62 2730
66 18 5492
13 44 1265
14 45 6696
46 71 9541
46 55 425
50 38 7766
1 15 2770
11 66 5001
20 58 9210
4 62 5383
29 9 9873
38 50 532
70 27 1046
33 10 7485
11 54 1157
45 35 738
32 10 7153
17 5 2234
61 62 8822
43 45 2842
37 11 2350
58 24 781
7 10 8482
25 43 60
65 13 1488
7 42 8361
29 26 4011
30 12 3497
8 15 366
16 58 8497
65 60 1776
39 68 3731
29 62 5221
67 18 2872
29 51 539
26 34 4694
10 38 1219
6 33 1512
57 3 8251
38 7 1910
3 15 2593
71 16 4337
2 65 147
48 20 4490
53 16 592
24 39 4707
42 34 8915
69 19 6776
8 56 6968
45 16 5391
43 41 8581
14 23 738
18 58 8349
28 14 6058
34 65 2892
55 32 5009
47 14 7283
39 12 2738
21 33 9192
13 37 5505
56 24 645
16 1 6022
46 39 1997
60 12 1373
43 5 7968
41 19 7808
64 49 629
5 55 6123
71 44 6581
44 31 3126
18 20 4947
55 25 5546
48 22 815
49 45 480
24 52 9258
3 4 570
48 49 9138
3 50 6636
58 66 8429
61 35 4971
33 63 3093
5 47 9008
24 55 7817
52 39 2250
16 68 17
37 38 782
61 65 8432
62 30 7114
46 47 3147
47 37 9790
55 50 8791
47 42 9727
18 30 3679
50 46 3480
60 62 2275
62 28 7727
38 65 93
70 35 6560
18 32 8495
20 22 3532
25 53 9929
42 9 4279
30 55 3665
52 8 1308
8 70 5918
41 14 3887
27 47 9711
26 19 1323
40 31 1682
38 61 6813
51 54 1852
2 17 323
63 26 3360
54 32 709
45 33 9048
56 37 9050
7 56 6818
61 28 8338
26 48 5943
55 63 5549
65 4 6206
30 24 340
40 8 1616
64 55 2602
44 55 1364
50 42 4207
11 69 3945
55 27 3491
71 6 8133
43 53 6657
68 41 4881
16 49 9937
28 34 5701
41 67 2835
5 23 9742
52 47 8758
38 57 116
47 10 5059
38 3 4921
39 28 5383
58 66 7018
69 10 5600
54 7 1400
69 34 7528
45 47 4706
63 55 9623
69 24 1242
10 51 2730
6 57 936
57 42 7229
25 59 3560
62 42 4722
24 30 998
59 21 5645
20 60 1226
45 44 9420
5 5 9388
4 8 1123
66 32 5640
69 61 4591
45 27 494
59 70 1594
69 30 6978
11 49 6129
59 56 4899
27 49 3475
10 22 9650
26 22 8846
68 63 267
31 48 4310
12 69 3057
44 4 9156
25 37 496
56 63 6780
43 43 7656
9 12 978
50 64 7009
5 53 6381
49 26 9816
6 16 1585
27 61 3883
39 59 3847
62 29 556
36 57 3203
4 35 3930
57 12 4000
1 65 3166
45 22 3243
20 61 1695
53 52 7805
10 68 1591
24 67 1116
57 52 2994
5 10 3603
7 38 1195
69 20 1750
31 1 4009
38 59 5997
17 70 7156
9 50 525
12 35 7866
59 39 2383
42 56 1503
45 41 2363
44 32 190
45 56 8186
7 61 1268
51 47 6456
63 58 4791
30 12 4815
12 17 4938
43 26 5529
23 15 9892
1 33 6937
6 69 730
23 9 9254
71 40 7121
21 54 9669
16 32 1123
24 18 448
68 1 8789
4 20 180
36 7 1631
39 50 82
53 8 3319
15 15 9188
13 17 3156
13 38 1446
37 55 545
55 53 8092
46 10 4397
61 66 1371
53 68 7352
53 9 7062
29 71 1322
24 31 8036
47 17 731
28 60 3841
16 35 5717
27 46 9444
22 47 4442
44 55 8566
42 27 7687
18 3 7784
20 34 9753
20 20 361
27 3 9019
24 42 8069
29 35 6261
16 29 5652
57 64 3538
16 70 723
34 55 9430
35 26 2065
23 68 8423
12 42 8201
68 47 4871
5 19 8054
26 41 7699
61 20 8714
35 44 3042
10 42 2565
22 5 6340
53 1 5887
7 53 6735
46 57 2100
22 32 5562
40 18 2519
38 61 5006
12 57 4585
15 41 83
45 27 5116
60 67 5300
50 63 4473
10 66 3896
47 65 3815
5 6 2515
51 23 338
21 44 423
69 52 6230
58 62 2749
37 37 6454
7 29 834
69 56 4299
42 19 7867
21 30 4091
45 8 4696
5 37 808
51 9 4616
37 63 4176
19 22 6115
20 31 4826
17 29 3828
21 53 1810
25 3 786
27 26 3811
27 66 2502
66 31 9983
57 7 3720
53 59 9931
60 6 6929
58 51 9146
27 11 3509
54 65 41
13 46 3035
57 63 8112
64 23 308
45 55 701
14 61 1018
70 28 969
36 54 2773
66 27 5554
5 54 9857
6 37 8082
60 62 1580
58 38 4722
18 70 7674
30 10 314
44 8 1546
41 56 1241
10 58 5236
25 50 267
31 69 8906
55 14 7133
13 67 3487
20 33 6106
6 20 2831
48 27 6269
7 12 245
68 40 1938
59 17 4508
64 51 3241
19 4 1435
32 33 8605
54 57 6276
1 59 8787
27 29 9033
68 50 6564
58 11 1188
4 6 6068
44 71 6359
24 8 8712
31 62 2270
60 29 2016
57 31 8265
18 67 2513
51 29 4631
40 20 8846
24 50 7916
6 40 1606
47 70 7364
21 45 6994
6 15 1282
65 67 542
23 19 3025
16 24 765
27 56 3626
55 18 3622
31 36 1474
64 59 1318
1 58 196
41 9 8994
19 60 5853
51 37 3194
36 20 7252
62 16 1929
40 38 5960
29 36 9009
9 2 3781
15 18 8411
27 19 1711
30 1 8082
60 2 7888
63 66 7910
43 33 6873
45 39 2986
28 52 525
30 22 457
22 26 6989
16 23 4072
26 9 1450
52 34 5032
54 58 8911
15 17 6956
19 62 1946
71 24 2417
61 50 7407
52 58 6928
27 31 9648
47 69 2108
6 65 3011
15 28 1174
51 16 2763
14 53 7081
32 47 4900
32 43 3844
57 10 8596
9 65 3206
44 63 200
63 63 3596
6 61 7943
47 43 976
64 56 9038
59 60 2688
68 22 4287
30 2 5259
54 71 3983
47 31 6598
9 44 2133
30 12 6900
8 25 403
24 3 8344
25 60 2154
36 36 8935
11 3 5778
10 12 5246
14 32 6595
63 9 348
19 70 7437
30 58 7375
55 12 5206
49 49 4438
57 54 9340
6 52 6053
4 66 226
10 35 1934
41 7 2473
68 33 9791
33 27 3475
1 60 3341
70 59 540
14 52 5133
9 25 4055
55 20 312
9 38 9545
70 40 7446
8 10 6955
32 67 9808
57 62 9992
41 49 1309
69 44 457
7 50 5562
40 12 5843
6 4 2917
61 15 2166
26 38 2315
49 14 390
26 30 7378
42 51 6471
59 12 4760
61 5 482
6 10 1634
49 14 2213
14 26 1372
42 47 2418
64 27 4794
16 2 7810
16 39 2490
57 64 4147
16 19 8949
58 39 3690
4 36 9429
30 65 285
37 17 4826
28 9 7597
5 28 1213
56 40 3287
51 23 4924
32 44 3851
58 37 1260
18 3 5195
67 56 9111
21 67 4738
18 39 8897
37 64 5189
18 42 5129
36 70 4645
27 19 2061
66 17 8002
62 67 8558
7 43 221
6 25 7580
50 42 2055
42 22 848
26 4 1909
60 49 6021
9 20 9807
62 55 399
48 19 9841
54 43 7492
13 69 1946
26 63 2540
56 7 9295
2 56 5382
54 4 3875
58 39 1883
30 23 385
39 43 9974
68 49 5073
32 70 3770
50 15 1193
68 21 8904
64 65 7184
46 49 5084
12 63 9926
49 32 5331
20 23 5072
54 45 90
70 61 6543
70 51 4644
7 13 6703
45 4 924
4 40 3902
27 41 9472
65 37 723
30 67 1171
35 13 5486
38 47 9385
50 57 4667
41 25 3866
49 67 5288
1 64 3348
14 70 8807
40 58 2333
57 59 8603
28 22 233
4 15 1349
69 52 1370
31 57 4411
49 6 1628
49 66 6158
52 39 407
10 53 3452
46 18 9914
45 61 9152
67 52 2307
38 22 7310
49 49 328
37 69 1341
6 53 6225
35 54 5835
21 11 4424
40 65 180
66 39 3538
8 52 8208
66 25 7068
69 70 3199
49 66 2065
63 20 6233
24 41 9280
24 60 222
34 62 4820
21 40 8832
22 53 3506
19 58 722
10 55 3408
59 31 3718
64 39 3669
5 61 4508
48 21 3581
1 67 4611
66 7 2709
30 39 1479
17 13 108
4 30 1660
61 38 1052
3 18 7123
33 48 5254
6 52 1123
39 4 2550
61 44 3524
59 52 2502
21 2 8755
8 14 882
65 64 2186
29 42 2392
55 59 5708
68 48 6809
22 26 5411
5 52 6307
27 36 156
41 6 6947
49 3 8063
23 10 2581
62 11 1487
26 33 151
18 8 6290
36 44 1389
30 66 537
1 15 2194
13 28 1823
35 43 5742
39 55 9489
17 66 8491
2 5 3491
50 14 3153
57 57 5105
21 49 2502
28 67 2720
12 16 5323
58 16 4699
69 32 4935
61 18 3132
54 38 3969
48 28 2558
38 15 312
29 40 7609
3 22 408
58 46 4682
44 41 2799
53 57 5270
29 40 9985
24 61 7056
27 4 3209
7 68 4310
56 17 6164
5 62 1679
31 69 1434
25 52 7168
48 26 7980
48 12 442
65 59 2968
69 16 6295
28 33 3699
14 66 494
3 66 214
23 16 2795
69 9 8670
57 54 1331
61 34 1262
6 22 4864
27 36 3611
39 5 4320
16 54 9154
68 8 893
14 54 6217
36 65 5524
27 28 5205
29 55 3096
51 18 200
20 47 9746
9 16 6180
38 8 9905
43 19 6963
51 44 7758
2 48 9546
6 48 8988
31 21 3211
22 37 8006
54 48 7011
19 55 3155
58 18 2660
48 30 8611
40 18 2736
48 55 9292
45 12 4069
64 46 9248
17 34 3389
70 67 4742
4 14 795
36 44 7210
22 1 2222
16 46 3610
24 39 8142
25 41 905
38 33 80
40 45 1216
42 17 5384
15 1 2493
14 15 7630
36 33 6432
13 25 8546
37 65 8461
6 17 6834
62 29 123
15 62 2721
33 3 4109
4 67 1486
59 58 6649
39 21 2128
63 33 942
5 7 811
43 4 6036
13 10 8223
44 20 1242
43 45 8897
14 27 2245
29 62 6555
67 55 944
52 36 5032
51 68 3901
4 16 2511
28 33 9566
34 13 2621
45 57 1847
40 24 1099
12 48 4477
6 4 2392
33 4 3261
69 64 916
14 69 8257
18 67 2013
68 68 1000
69 71 1916
50 1 7489
13 26 3376
24 34 5949
61 39 2210
8 13 1748
54 12 7982
13 62 212
67 47 4412
22 14 1134
38 16 2729
62 48 4042
42 42 771
17 50 5561
29 25 8436
10 31 2186
13 46 1631
61 21 6487
64 35 5359
37 51 8520
46 18 4579
4 57 4551
4 50 7588
48 38 6991
70 51 7132
46 30 774
43 7 6738
65 55 9867
1 64 5574
69 31 2473
42 47 665
48 44 4713
40 35 943
56 55 3672
36 57 3159
69 66 2158
21 15 9231
52 64 9037
46 28 3106
49 31 5430
13 16 2327
65 57 1101
61 11 1397
1 30 158
3 59 9720
21 1 7047
11 9 6224
55 21 1748
62 36 2855
1 16 1419
10 67 8859
65 29 8830
45 36 3840
38 70 3805
29 71 7370
2 43 7593
61 1 5047
56 68 4635
53 12 9734
41 1 323
34 4 2662
7 27 1979
31 18 8251
20 58 9387
16 40 3186
36 4 1256
48 64 5038
14 37 1671
28 25 3664
32 2 3663
33 4 7744
38 35 886
15 54 1224
28 4 773
13 71 1416
28 24 8280
7 54 2264
6 29 4972
50 39 9485
36 17 859
48 63 4556
3 56 5926
18 33 8755
57 63 4280
66 25 4907
70 15 5529
47 63 4567
67 61 7805
60 31 581
26 5 8308
46 31 2269
69 45 1436
54 61 8795
46 12 176
56 28 4553
1 60 1365
12 60 8671
67 57 9131
56 33 6605
64 56 7696
45 53 397
65 50 1570
49 58 6210
43 39 765
61 67 4457
7 16 7485
13 32 9961
20 47 4287
32 30 1674
1 64 9631
46 61 563
32 44 5046
14 12 6918
29 54 4831
43 11 4239
36 59 765
41 59 5711
7 2 3409
10 68 6900
64 32 9076
29 45 3630
36 45 1449
34 6 1198
9 19 8159
61 30 8367
17 4 9793
26 1 13
25 1 5359
26 28 1580
29 12 8056
31 30 4188
25 70 1584
4 15 397
59 29 6957
2 9 2399
66 8 6547
20 29 9536
24 19 445
70 50 9104
29 31 3276
64 40 4533
31 28 9578
58 49 9691
65 54 8206
26 43 8125
25 38 365
71 50 4311
18 8 630
12 46 259
8 28 2158
67 5 4439
71 15 5686
64 50 9322
39 9 1122
61 26 4882
34 58 2964
24 43 7384
6 41 7972
44 28 9119
62 45 6146
14 52 258
3 59 8967
46 49 8388
58 6 6671
27 60 5178
69 70 586
34 56 8095
17 13 847
36 13 8134
42 50 9037
14 40 726
29 27 6790
24 45 5202
61 11 7156
20 35 6684
56 64 1531
37 28 2216
64 8 2170
55 56 5636
18 58 8202
37 52 3102
58 42 5817
64 28 7914
6 20 3050
6 44 1408
47 10 3495
29 40 3183
24 62 9234
66 29 4095
64 14 6723
17 9 9781
61 32 9638
65 51 2745
57 5 207
36 54 236
61 25 8278
29 60 2330
46 12 5936
49 61 4667
66 12 809
32 14 4387
49 15 4517
30 54 2674
56 33 2822
55 47 1353
52 57 5733
62 31 9246
51 58 4580
23 11 8465
27 44 1757
47 14 1917
42 59 4258
31 8 3801
36 53 5608
4 29 7637
41 27 3881
68 21 8874
26 28 7680
51 70 4704
68 56 2338
69 69 8364
33 50 772
46 36 2265
55 19 3506
10 52 9545
65 61 9226
35 13 3340
39 52 5405
40 46 1686
49 37 3048
40 16 4138
1 37 250
25 23 3823
54 36 1085
56 53 1532
40 65 4115
25 68 3970
46 57 9702
8 3 202
71 20 4209
20 32 302
33 19 814
35 52 2827
18 52 1558
27 4 6300
4 62 7621
11 26 1807
49 15 6491
35 39 2094
29 15 7429
61 4 6778
4 43 4091
26 11 2294
7 18 1409
71 16 6419
53 20 6559
55 1 7018
64 48 9183
12 1 8973
64 64 9036
22 22 7462
33 69 5752
20 2 8117
56 15 1978
58 63 4433
51 37 9278
25 61 2620
43 48 7094
21 29 116
13 70 8941
55 6 4727
6 3 8411
21 51 856
4 28 2901
35 53 2309
15 55 6541
32 68 6783
66 25 7895
20 24 8208
13 32 9255
33 13 8373
60 35 8366
31 49 5479
52 12 1061
47 34 4071
47 26 5408
49 16 2745
4 19 3204
49 50 6755
9 50 9574
2 64 5446
19 58 3833
23 4 1650
69 24 3369
50 17 6098
9 43 2704
58 6 8371
21 13 2574
10 5 8299
52 64 7399
30 43 1865
35 6 9891
62 14 5885
42 55 9706
43 60 4647
63 33 1754
64 9 7507
21 4 4864
57 62 7513
3 26 1797
11 50 5280
6 15 8917
38 24 4710
2 55 9060
66 25 5613
34 1 7962
35 44 725
7 29 3339
25 54 6869
15 65 2378
37 32 7277
12 11 2839
37 71 7039
34 46 6447
22 58 1249
13 55 6243
35 10 2699
7 10 6437
12 41 4715
35 43 1862
16 30 1360
13 2 9885
52 60 4599
17 8 16
47 54 6325
27 51 4517
24 47 1426
71 35 5749
68 59 2605
57 62 4166
54 43 4068
68 1 7417
56 42 6584
38 13 2286
15 45 7803
10 51 4413
68 40 9031
55 65 7024
44 30 1529
60 8 2329
24 61 3999
58 66 4153
59 17 1264
34 64 3290
11 3 9537
22 20 5508
11 14 7645
11 53 1279
34 17 7656
67 49 2784
41 64 2242
44 69 4367
8 26 8868
10 13 5857
52 6 2551
50 1 5037
5 33 9350
63 40 1029
30 27 2339
12 47 5134
61 63 4988
32 49 8536
12 3 2566
49 54 2170
62 68 2495
26 69 1770
59 5 5738
10 39 5042
69 28 8010
34 27 4159
29 31 4603
66 7 6690
52 27 9997
16 35 1432
36 38 1092
54 29 2648
25 22 7459
62 60 7792
18 31 4460
65 47 5331
18 64 7519
44 6 4186
42 3 3888
55 42 5791
25 5 6622
46 18 1370
45 65 4961
46 37 4464
27 56 7848
52 34 4097
50 13 5456
3 54 3102
58 19 6311
58 22 5741
42 55 2440
26 62 8960
28 42 4045
43 14 2608
47 45 6300
55 47 668
71 70 9104
28 48 4496
58 62 8611
62 55 5598
28 32 313
26 53 4416
57 49 6065
5 20 39
5 41 6829
22 50 365
16 68 4167
45 17 120
10 56 5034
12 51 1451
43 67 2284
63 27 5408
64 11 1926
52 60 625
51 8 4380
26 58 3298
36 2 5364
23 8 7570
62 8 1314
3 10 1947
35 10 4199
37 13 1070
8 7 3666
12 3 1715
1 70 155
63 66 105
18 46 4201
44 35 3953
2 33 368
17 54 5147
69 4 9992
59 71 949
61 70 8282
32 63 4440
24 69 9646
12 11 3696
50 18 9639
41 34 8432
51 28 9781
36 7 87
50 62 2529
28 65 9914
61 63 4223
44 27 8200
18 23 820
58 58 2573
60 11 2210
22 26 5868
44 56 2256
6 8 1968
33 11 9073
61 57 6910
39 40 546
68 3 3490
70 65 6764
19 20 8155
14 35 6560
9 17 700
7 31 3849
34 46 3899
37 5 3059
44 25 4135
3 41 1268
66 65 5663
31 18 9593
56 2 137
4 8 4996
48 25 332
12 52 2154
45 37 4724
37 34 9328
17 45 7927
54 26 1914
51 69 3280
3 44 8962
70 14 1025
62 19 5313
53 53 8151
37 47 2089
24 71 1989
45 29 9543
14 10 2338
28 53 5892
37 25 2336
9 19 3218
39 24 8419
40 63 1101
64 66 7024
41 20 6884
21 14 5362
31 13 3812
1 21 2449
68 38 8240
9 29 4236
24 46 1037
26 6 1988
11 18 5053
62 21 8506
59 17 2204
3 54 225
28 68 6605
24 62 110
38 50 5214
6 50 5663
57 55 1295
16 50 852
6 62 4379
56 43 2610
50 21 4452
57 67 6438
61 68 6506
33 34 9732
51 41 590
2 19 9328
63 54 7557
23 34 9975
29 34 8815
44 20 486
16 52 1054
63 20 2554
5 56 2639
6 62 3427
34 1 2353
14 18 6187
18 47 4639
15 10 4676
18 44 2908
29 61 2124
21 58 3358
64 55 3844
58 27 1051
30 31 6601
50 29 6729
66 58 5753
53 47 2088
28 31 8041
44 71 55
53 29 1999
26 48 6355
43 30 162
12 15 485
45 71 6803
6 70 5725
12 59 6499
51 21 6655
4 6 9187
42 63 9546
62 3 4525
67 32 8207
63 18 9077
6 31 9847
5 28 5538
20 17 4922
62 56 7062
54 37 9130
52 29 6336
61 59 8024
23 65 1124
59 43 6569
56 1 4832
23 5 5556
49 40 4350
41 2 2716
23 68 4554
34 51 7765
8 68 3723
19 10 3446
1 64 9132
48 11 6539
49 62 1688
4 7 2161
60 11 1691
15 66 7165
29 10 6758
36 66 8858
40 2 2409
58 56 5809
33 16 8227
70 60 7036
40 67 7016
27 39 5468
35 31 1720
58 46 5712
59 18 7790
7 46 2716
50 68 1268
7 11 9029
12 22 1530
47 29 5668
53 65 4007
13 55 2251
65 45 9894
71 32 5048
54 54 9985
2 40 838
39 5 9358
4 64 921
38 1 2540
24 44 560
62 68 5727
52 10 370
13 23 2184
52 2 463
46 24 8148
16 59 9747
45 66 1334
40 5 24
16 22 1374
22 48 2316
7 15 1127
66 18 9363
7 15 8658
20 6 4478
40 53 3462
10 46 2961
8 12 6615
44 26 126
20 25 9412
57 23 8330
59 5 2272
40 24 8042
16 37 7427
39 6 3500
9 16 8119
57 10 3121
59 28 9077
32 23 3216
51 9 924
53 9 6141
13 37 5477
54 15 782
65 60 1180
53 51 1828
38 36 9654
58 24 691
