78 4854
4 61 6882
6 58 3545
11 78 5684
9 34 2954
58 73 35
33 41 3142
9 1 3703
2 69 1642
59 4 763
44 77 8630
25 72 4371
16 20 9505
3 11 3048
20 6 2659
76 35 2401
33 48 5778
51 37 1500
54 20 4210
51 59 6749
23 42 9664
65 17 7510
27 55 8347
51 40 9134
44 39 3400
46 6 8419
38 35 1621
5 73 2071
43 58 3324
59 25 2357
59 47 2998
37 52 1102
10 46 2097
56 19 8178
34 58 747
67 60 6523
59 3 3035
56 20 8063
24 27 1507
5 73 7781
30 15 6312
63 60 7117
2 2 7521
50 30 106
74 35 6299
51 48 1556
6 56 2961
15 3 1661
68 75 1050
52 58 1951
63 9 6778
32 74 7380
77 73 5787
18 45 5448
18 34 9606
24 57 8385
16 14 2010
54 69 7092
74 26 9646
39 72 9776
27 15 8126
23 14 1137
39 25 522
71 47 7377
63 6 253
61 66 1215
60 67 9495
22 60 1768
38 7 4637
28 63 3468
63 68 1546
24 58 7411
40 47 4989
61 22 8931
53 7 917
53 37 4139
9 10 7684
30 6 3095
72 71 1607
2 46 8191
12 35 904
22 32 12
65 41 2169
39 26 44
77 33 9602
28 13 5494
65 20 1910
27 17 1344
6 12 5744
20 24 8629
36 25 2972
58 37 2000
9 42 3403
40 37 4289
63 50 4929
8 52 7431
60 42 3691
68 4 322
9 43 8983
57 25 1682
42 48 3735
53 2 3986
41 43 6243
58 9 666
30 51 9442
2 14 1573
13 18 1626
45 40 5729
37 63 1939
4 50 3193
11 7 4493
27 39 1343
27 50 852
61 21 4971
2 59 2007
42 14 334
12 35 733
15 16 8313
41 62 8645
70 55 451
53 27 4594
35 44 5902
48 25 2150
2 60 2480
74 24 3002
54 1 2187
78 56 4436
13 14 1368
29 40 4226
26 73 370
54 26 3265
7 56 1649
21 27 6370
52 48 8744
3 43 3222
43 74 4352
35 58 654
51 9 955
16 16 2408
68 50 2017
47 74 7408
65 56 9841
45 19 459
46 8 6437
19 39 4549
16 35 8355
40 7 4476
46 54 6193
30 1 4405
20 66 4265
12 61 1674
51 20 9651
75 46 4999
23 69 631
18 62 5990
6 18 8999
14 41 8068
69 50 4904
7 27 203
67 66 5258
12 23 5659
59 17 2313
67 14 1887
67 14 6638
29 43 4181
39 31 9336
74 55 7515
66 28 4015
76 76 3290
39 67 1837
53 18 887
56 38 9733
44 14 5269
30 77 2425
74 14 7450
75 5 3066
14 41 7635
24 63 2238
73 15 3249
57 25 5149
1 44 5906
70 29 6174
33 71 1965
51 71 6087
62 12 5383
21 42 5080
21 75 9859
45 19 7229
20 3 7041
61 42 9439
47 14 2494
67 7 6679
73 76 8237
62 35 7645
1 33 2648
22 32 2272
36 8 1641
29 10 1512
27 28 8794
24 43 3935
26 59 6766
74 25 3987
48 35 4639
77 32 724
12 40 5064
29 74 2791
3 4 3584
17 6 4021
24 11 7735
23 39 4770
47 34 3020
10 62 5387
8 28 6123
72 23 2720
30 32 2359
11 66 1176
6 64 3388
51 77 4824
68 43 1844
48 45 7963
47 7 5032
41 1 6954
59 30 7286
78 56 9175
32 77 8657
40 21 1175
72 35 9908
9 3 6527
38 38 6054
65 59 721
3 40 1371
70 48 9894
10 32 1409
72 31 6020
6 35 569
74 17 4726
38 48 3633
50 31 9716
76 60 4391
56 68 9135
71 10 3385
9 66 7416
31 75 2278
17 52 4673
17 29 1545
66 4 3350
72 75 1406
39 38 2301
12 19 7563
10 60 3216
9 12 9363
74 62 9880
7 61 8914
6 23 8303
38 37 6889
9 60 3328
43 50 2830
49 47 5487
18 7 3515
61 60 2500
26 62 4787
27 40 9339
17 71 9734
58 14 9182
18 70 5067
8 30 1561
32 28 1067
65 54 6596
75 64 3417
4 32 6136
64 5 7269
42 43 1438
47 5 7872
21 30 9416
73 24 5000
30 76 1434
61 60 8723
52 32 3369
24 21 6763
77 26 6654
12 44 3983
19 56 2456
32 55 2551
72 74 8476
32 53 3926
74 66 4040
9 72 3793
38 5 2924
41 46 1421
24 34 2013
61 62 9877
15 35 8406
6 76 9113
60 48 1133
9 66 7475
25 59 2286
23 38 3733
53 32 3082
6 14 9551
26 58 8005
64 72 5223
71 58 1914
72 1 9796
20 77 1005
73 77 933
69 46 8857
14 64 7256
22 29 3675
34 69 7042
15 5 3313
65 15 6262
24 78 6323
45 38 2398
4 39 9752
14 59 8104
35 74 9904
31 78 8141
24 28 8875
69 64 7892
13 56 3250
26 31 6006
57 68 7192
39 45 890
9 21 4813
68 18 9295
41 40 7873
8 10 1131
39 66 6735
33 25 3687
40 72 3599
28 13 3227
54 27 6817
46 53 4388
14 62 9380
59 35 1418
15 44 1105
59 51 1519
63 10 8837
13 24 2304
51 16 4526
75 31 4254
62 11 5110
68 47 6840
76 2 3205
74 34 1776
8 8 1160
3 65 3742
28 65 5435
21 52 5230
65 35 4448
17 55 3724
44 14 1099
24 3 7376
36 13 3546
45 4 9474
69 15 177
4 50 2270
66 40 7181
49 17 6340
22 29 3256
50 18 6584
13 34 3903
8 49 7561
66 67 7713
63 3 7384
26 56 2252
52 64 6225
21 35 6516
68 36 5031
29 58 8530
13 22 2726
12 50 7770
26 38 5406
28 46 384
3 67 8375
71 39 7931
61 37 302
63 53 511
38 51 8209
56 73 5925
4 1 1698
75 76 9329
69 60 464
4 52 1998
1 24 5540
45 49 9673
11 57 7877
23 48 5307
18 73 2269
52 41 1914
29 34 1688
75 21 2385
15 32 4369
54 51 3636
68 26 1807
38 34 491
20 76 746
47 67 3947
26 10 4016
72 18 749
25 40 8853
48 28 7657
17 67 2132
15 72 4008
31 20 3914
49 55 454
7 57 5389
74 22 7101
6 29 2608
10 37 4951
43 73 2970
39 45 5655
17 22 1344
53 77 1780
30 2 1927
38 65 211
73 39 5257
7 61 9182
51 41 8299
78 71 6130
62 18 3589
14 77 1856
7 40 7629
30 36 9554
31 76 9898
67 17 212
51 32 3479
52 48 2842
63 67 1075
68 71 4809
48 10 8158
23 24 1588
10 25 4048
10 7 2018
78 64 9617
26 50 1727
30 16 3259
53 52 5266
50 1 4272
21 37 1588
47 16 2541
42 52 4934
14 54 4351
23 23 2951
72 21 6337
45 39 4227
55 65 4875
6 8 5970
62 35 9432
28 9 1761
47 63 9500
3 45 3695
40 47 1661
46 76 5415
44 57 2029
29 13 2772
57 29 5241
4 8 1592
40 73 1112
16 62 7571
32 55 8874
42 38 2109
32 7 4965
22 37 2786
55 9 896
28 15 2421
75 51 836
16 17 4535
40 38 5289
44 73 5530
62 61 4362
72 24 2695
32 5 5934
21 60 1461
20 55 8633
77 59 6800
71 9 7213
4 59 1556
51 24 2403
16 34 9316
26 63 2952
30 47 7641
32 5 1265
16 23 4169
10 38 9214
30 30 6230
67 18 7390
78 57 3246
58 75 7225
19 24 1816
35 50 7034
45 64 7072
15 18 3640
60 18 49
59 65 8156
11 48 6829
19 65 4430
5 57 8521
53 19 2471
65 36 1160
19 10 6379
38 4 5047
42 73 1329
24 18 7070
50 30 2298
8 25 1611
12 44 5888
41 45 4071
62 6 9035
67 7 4512
41 21 3319
24 44 720
41 62 5458
10 70 368
77 68 4400
5 60 6072
60 69 4576
5 35 7639
6 52 858
16 45 3689
24 48 816
10 75 1003
71 44 1829
66 29 1624
36 52 1541
10 17 2523
52 10 555
70 42 7712
30 5 594
60 20 519
2 19 3921
5 16 5451
4 32 4042
63 65 5617
77 77 6559
56 37 3490
52 29 7594
42 7 4706
14 12 2749
25 47 8454
37 48 5236
44 71 7374
27 11 2767
77 43 7695
37 17 7501
51 8 6796
13 69 7970
33 77 8580
35 59 1674
38 25 8832
36 27 2520
40 4 5548
9 48 8503
63 26 8747
78 56 9872
58 39 9396
31 4 3272
76 27 7588
38 7 7930
26 34 8160
53 59 83
55 28 6392
67 71 6682
4 28 839
46 37 8622
19 68 7663
42 73 539
62 68 6073
56 61 5301
41 69 4448
44 10 5798
10 78 1524
48 70 9311
26 72 4744
46 63 8835
73 43 8183
25 35 1619
15 19 4326
59 4 4832
8 68 7686
25 36 4501
10 30 9770
25 2 8800
70 78 1775
8 12 3685
22 68 9022
32 40 1030
48 10 8138
52 60 7897
21 74 228
50 27 7921
40 25 2407
74 56 1738
46 43 2962
28 15 7738
75 5 4180
43 4 526
68 27 6842
48 38 3933
20 6 6606
41 76 2580
68 55 9550
13 74 949
72 56 2745
37 74 3125
62 67 1988
38 75 1483
68 63 7170
31 45 4025
9 37 902
1 2 8864
26 54 37
60 76 2648
17 20 3500
11 30 6297
16 12 4058
39 5 7283
4 73 813
65 4 1724
20 45 724
55 14 7314
50 6 5123
45 47 2808
44 62 3420
70 35 4687
67 61 7597
41 42 2329
23 42 9147
74 33 5762
2 17 203
57 9 2045
68 72 3910
51 2 7503
62 41 4804
41 29 5137
52 7 3934
23 20 1374
38 32 5867
74 62 847
1 54 5608
8 26 8457
56 30 7779
9 26 2204
5 54 1865
8 76 8540
34 30 3840
47 35 1789
66 36 2822
40 46 1128
6 26 1952
65 3 3867
26 77 7914
34 8 3480
10 26 3880
2 60 7816
60 76 2904
61 62 1737
44 72 2675
47 13 9488
20 3 7299
60 42 3171
6 46 7256
37 47 2051
30 37 5547
62 56 1197
13 46 10
37 2 785
22 33 2026
12 59 3281
34 52 7301
32 12 6168
18 51 1487
5 74 6795
66 22 2295
36 54 8011
58 11 59
5 53 7432
30 48 3228
40 77 8387
53 70 9994
33 50 9037
27 51 5278
35 66 8699
74 70 2819
44 55 6725
57 8 2269
58 40 4503
30 53 4066
37 37 2144
19 7 2186
17 55 2037
52 13 5316
4 9 4425
25 70 6137
72 54 4071
15 53 2276
76 13 167
55 20 9352
76 73 9647
36 25 3542
43 23 4742
5 51 2442
67 50 2396
58 37 465
71 37 8438
78 71 9560
34 65 3237
44 54 1090
26 1 7413
71 67 3802
44 49 7684
28 53 3470
46 72 8505
77 76 9713
51 36 7412
4 64 3671
11 20 4673
69 12 5752
52 19 142
17 40 6082
30 59 7149
27 21 667
65 50 8289
13 22 2231
17 9 4027
48 38 216
57 36 97
6 61 4666
19 23 8436
37 72 6485
5 11 658
11 16 1192
5 18 3414
68 49 3297
12 21 820
76 63 5238
39 28 3699
15 66 5231
56 66 3089
33 72 6550
52 40 2170
64 74 4624
65 8 4838
15 8 8186
67 47 1781
6 19 4719
44 33 3295
5 34 6590
19 29 6084
46 10 9490
52 56 8342
53 24 2400
66 32 1672
45 76 7662
73 78 3116
46 25 7731
39 47 4850
33 77 4251
76 66 6761
61 19 3715
45 58 941
28 23 3914
1 65 386
5 77 8970
24 49 857
52 76 2644
39 64 5673
31 42 4
51 78 7642
15 5 6580
1 49 9337
41 54 8688
3 25 5456
33 17 1686
44 17 7954
74 39 9511
58 44 7561
27 46 3073
29 9 2354
72 44 4513
6 26 4245
40 12 7267
5 56 5653
54 6 5205
26 2 2616
44 35 4331
42 29 6879
72 4 1088
37 69 9829
70 6 8236
5 23 871
24 34 7465
39 44 137
63 71 7455
5 17 5351
62 39 4292
10 69 3158
72 8 6345
3 53 3057
25 58 2165
46 78 6242
16 40 351
8 44 6468
8 62 9334
44 10 2159
41 60 678
57 22 9776
13 34 9853
20 18 988
73 17 863
38 30 4390
32 13 1031
14 7 6348
5 2 866
4 13 3269
69 51 2648
40 55 8870
38 26 6842
42 1 6496
27 22 1158
63 11 9197
62 40 785
4 71 3876
41 10 9924
17 41 6625
60 49 700
54 69 3097
15 52 6924
39 40 7542
56 43 1033
6 64 6486
66 30 6160
36 66 2995
31 25 4903
8 66 2762
53 21 2675
35 31 8926
54 8 8678
75 7 456
74 46 7586
11 57 6423
59 41 4721
35 42 2996
63 22 4856
64 11 4114
17 2 697
4 12 7020
49 36 7153
1 20 233
13 19 210
64 56 1609
75 24 5758
19 1 9858
26 13 2979
42 27 9094
59 68 1067
32 16 5756
77 37 3321
36 2 7728
68 54 1756
25 10 5760
2 7 1964
7 72 1343
44 75 2398
34 44 5078
27 46 6374
1 2 291
42 34 780
68 20 3542
11 42 5232
43 20 2019
4 64 2592
53 55 7441
18 12 4591
74 57 4483
9 76 9820
51 62 4863
32 33 6862
44 76 148
54 66 7113
70 2 5722
68 6 1693
47 20 1184
14 20 3983
55 62 7707
51 27 57
69 6 22
17 43 678
45 40 2099
64 44 5533
10 55 1604
17 58 8795
73 29 701
1 49 1321
54 10 8723
37 50 4486
12 2 6115
7 63 4210
2 45 2151
57 26 843
39 6 9390
47 68 6810
18 71 3895
64 2 3486
6 55 6835
42 51 8192
55 61 7258
73 54 6572
35 60 1514
72 49 1930
9 45 4996
60 3 5191
9 75 1872
46 55 2929
14 35 2447
25 39 5586
15 46 5312
11 7 6957
2 65 7565
37 11 1741
48 5 3902
4 74 8097
29 39 8109
75 18 402
37 31 2549
56 13 3754
42 31 6060
47 2 1376
3 28 1713
46 42 1172
51 18 6927
51 30 7943
68 26 4383
44 61 1277
47 60 5694
12 11 7621
44 41 3844
31 59 2093
43 76 2451
25 63 1952
9 30 2588
46 5 9861
56 67 2387
66 60 7251
46 49 596
14 6 7798
6 21 3645
20 29 5438
61 63 9770
18 49 2773
41 36 1729
75 63 3209
39 23 4164
33 78 5086
20 35 8883
50 47 4056
35 58 5391
69 45 8069
44 19 961
30 62 4148
68 44 3929
20 17 7796
9 65 9761
39 19 3977
39 66 337
75 7 4496
55 29 8894
64 29 1084
47 57 9693
22 34 638
31 26 2213
7 68 6846
51 64 1132
67 41 8774
17 75 9483
60 53 6198
66 40 4094
63 34 9030
54 11 8514
41 46 763
57 60 3777
56 36 9066
39 77 5468
29 57 1073
77 73 6798
1 13 6649
68 31 9359
31 46 7893
35 74 2307
59 17 7235
49 49 8442
59 43 6459
25 24 4034
19 53 6233
18 24 4054
9 42 8727
30 16 827
51 74 8189
43 44 9617
3 78 7003
77 58 6518
76 46 1483
55 34 5256
64 45 5568
73 55 4099
58 54 4791
31 67 851
66 49 903
10 23 5477
23 13 4360
59 70 117
1 67 6673
45 18 5628
5 17 6020
65 19 3605
36 16 7293
37 53 7699
43 12 7949
14 53 5991
1 58 4098
3 67 282
11 41 6684
68 34 2623
47 30 7932
41 47 2517
20 54 8109
55 54 4231
63 72 2635
40 36 6101
59 26 9306
7 7 1390
41 40 1706
18 22 1206
25 35 5595
28 45 5779
37 59 2013
41 28 2969
75 46 9886
57 11 1235
20 36 6206
74 47 9842
24 44 3139
77 19 9776
48 70 7865
50 59 3684
37 49 9051
66 65 8371
21 64 5333
17 45 4748
53 42 2993
61 42 9028
69 8 8277
5 19 9132
43 55 8776
44 8 3336
16 8 4160
26 28 3546
40 27 9430
21 30 5738
50 34 189
63 33 936
15 43 6192
48 24 7917
72 30 7490
15 60 9861
31 29 7256
72 40 1776
60 17 7965
43 52 357
72 14 1268
24 7 4483
41 26 3988
71 36 5964
75 16 2496
31 38 7066
49 67 6922
54 25 4673
40 19 4966
57 60 9408
55 4 4626
44 34 2272
18 17 3564
5 29 1439
77 42 5624
35 14 5968
16 51 7262
66 31 9517
36 71 5005
11 3 1576
15 47 8445
4 30 7817
22 74 6531
48 46 2940
45 73 9655
38 77 2005
13 16 6458
2 22 5036
19 43 5752
73 55 5030
78 16 4793
41 19 6175
42 48 7537
39 22 155
68 37 2096
59 56 140
77 63 4567
2 33 2587
7 42 4316
41 47 2618
40 23 5807
1 64 8227
7 63 1643
78 52 5512
9 2 4759
39 54 2750
74 21 1987
15 51 3503
69 66 1128
32 12 4742
76 16 9070
2 52 3672
48 68 2250
74 39 5194
9 61 4695
12 56 8088
10 5 1895
19 46 9408
20 69 1146
42 60 2963
9 45 1988
3 24 46
14 57 1752
11 23 8704
22 9 6989
71 20 1379
29 14 7114
28 49 4041
60 9 5872
69 51 3500
35 38 7336
75 11 9911
51 46 2236
15 16 3748
46 52 521
27 31 9996
34 15 7754
61 32 3515
69 29 29
45 7 5585
68 23 7980
45 32 5531
70 8 920
50 72 7185
18 38 8484
34 70 9159
65 2 7297
69 54 5189
41 39 7576
40 38 2213
26 33 1131
14 25 162
31 9 1876
58 14 7886
59 11 8755
6 40 3520
34 17 383
17 8 6996
28 61 7130
64 20 2396
27 1 7938
33 27 2451
3 63 3925
74 49 9009
36 46 4614
1 5 7835
61 74 7971
11 4 2163
16 63 5965
65 70 5309
68 31 302
60 48 7821
12 68 659
28 22 276
20 24 9397
36 7 379
65 64 5333
48 51 6486
19 16 2071
39 57 346
12 76 5521
4 32 8220
35 47 1956
22 3 5759
51 70 176
19 34 639
77 75 6992
12 24 7334
61 23 4337
10 41 7716
3 74 6201
13 25 8077
36 52 5607
75 6 345
49 76 7147
60 65 7968
6 28 2997
12 61 5920
1 34 3905
36 16 7670
8 22 7191
40 42 7963
27 65 4014
22 76 4187
38 50 3396
30 6 9242
25 35 2075
5 21 9040
60 42 4291
11 27 7745
22 64 4643
49 52 800
16 35 4251
47 46 4333
13 58 7901
12 42 1941
28 60 3887
36 17 8649
57 43 3849
41 63 4155
68 9 697
41 62 1660
13 29 5422
51 78 5939
20 12 7029
12 31 182
65 47 2419
49 68 7675
32 34 1600
53 54 6379
17 43 6971
24 41 4156
9 75 4242
75 70 5103
39 16 9190
51 48 7028
2 1 2889
52 78 8403
13 10 8037
36 67 9862
16 29 7399
42 9 7295
62 39 221
76 78 6623
18 60 9214
23 13 400
67 11 1983
39 73 1802
27 73 4395
36 9 6053
31 64 6294
5 51 3590
51 33 8240
34 61 4357
23 69 1858
52 10 7287
58 62 901
41 20 2147
41 43 7508
68 44 1851
76 35 7105
37 45 7764
69 39 90
71 55 5710
7 39 3236
20 43 1376
72 17 1741
43 26 5984
56 9 4456
19 60 72
46 30 6792
41 9 5989
67 13 2777
44 63 7752
19 4 4667
52 72 2414
46 21 7250
9 66 2606
27 9 4257
4 15 422
36 27 8090
38 21 8009
75 26 9181
6 14 848
69 11 2670
2 12 437
17 30 5772
48 19 5408
34 78 1999
66 31 8518
51 35 838
2 35 9815
68 76 2046
71 3 2196
13 69 9381
25 74 2867
40 46 838
63 34 6918
10 64 9931
52 70 3526
9 32 1418
34 56 9506
77 11 430
17 67 8086
77 71 6321
4 59 7220
47 25 663
60 22 6678
11 4 7663
31 57 2845
1 21 7979
47 52 3795
66 21 1909
70 50 7934
20 18 6952
8 24 1201
69 29 1082
50 7 7478
47 74 7236
27 30 39
27 28 106
18 67 7064
33 28 7650
65 43 952
55 61 2496
14 2 3041
77 26 8005
19 60 5380
41 3 2560
11 24 1193
2 78 9913
2 34 495
18 54 5719
39 76 1063
8 48 1470
66 44 4961
55 61 6
5 24 5899
43 31 7080
34 22 7982
40 39 9452
40 73 2118
8 26 5141
3 42 5430
24 19 1635
30 50 3037
40 38 1935
31 46 2752
53 8 3037
43 14 7694
69 67 2290
34 43 7363
36 42 1088
43 59 9346
70 17 9374
68 46 246
4 1 4847
59 19 4468
56 27 2320
75 62 4984
45 64 6154
52 38 9153
29 63 190
53 73 562
70 38 1767
73 76 4817
58 74 9473
49 16 5709
42 73 3586
34 67 6709
25 19 6839
70 7 4959
57 15 3010
70 64 1602
19 72 2008
54 39 2522
28 53 5294
30 25 6013
53 18 4344
52 11 1974
54 51 7792
24 17 5175
67 22 5711
59 70 8317
6 22 9655
75 31 2411
49 39 8725
17 71 5512
54 40 3490
11 9 9126
33 5 2960
18 7 7097
15 78 8219
7 62 6774
26 44 7154
56 60 1928
47 56 8130
24 6 4407
71 44 1662
4 36 4802
53 55 5659
58 73 3594
1 28 747
60 29 4608
57 50 1194
13 55 7111
65 12 811
48 75 1476
17 14 5292
60 46 8885
24 64 1213
46 60 2634
9 48 5993
55 78 6952
76 55 1010
36 42 1980
11 40 9992
63 8 7098
64 27 1836
56 33 166
21 53 9747
1 48 8765
56 23 9293
57 17 6348
15 61 8668
26 58 3824
58 49 6781
41 5 9465
13 29 303
20 18 9185
41 1 605
54 60 4234
73 55 9834
3 32 7058
68 9 7500
50 24 1226
63 54 8249
11 9 6335
69 66 5287
7 65 687
43 46 9046
25 52 9167
55 49 2997
13 3 6869
74 20 7985
20 19 9160
37 65 435
37 77 7721
35 18 7899
44 42 809
19 19 9965
56 57 4921
14 46 3560
23 13 2547
69 6 6653
51 28 2123
15 46 5189
19 51 8328
18 31 5704
43 48 2572
22 44 3480
56 53 374
9 72 6534
13 2 2442
68 26 5799
76 71 3094
27 71 5378
76 61 3012
13 17 8122
48 58 9904
4 28 675
57 52 9457
53 61 4516
8 41 5394
42 25 6969
18 60 9646
37 31 3807
8 20 5345
12 12 6043
8 44 3052
19 65 9720
46 10 3663
41 72 3951
23 77 1625
10 62 5642
58 17 1502
76 66 4650
55 55 1950
25 48 1550
71 16 9332
61 51 138
12 61 6250
16 31 9779
51 58 9376
51 74 6722
26 53 7085
38 42 3785
10 45 1484
2 33 3318
72 26 9927
23 8 4452
51 33 324
31 70 5415
6 56 1842
58 51 5742
25 70 7125
18 42 1056
71 66 5998
69 61 4893
13 4 1994
21 51 4785
66 19 236
30 27 6806
58 63 2340
54 69 2522
74 9 2189
45 76 9793
39 36 5144
30 56 1628
13 38 876
33 56 9295
47 69 9677
16 70 1420
19 45 1098
73 20 5480
9 12 3926
69 10 1640
19 7 6729
34 6 7338
12 16 3037
29 45 9839
9 13 299
46 40 5038
19 63 4738
75 62 4987
62 67 5579
26 42 76
9 64 7714
1 77 5538
40 26 6556
65 22 2369
44 8 1931
73 19 653
2 28 7986
30 25 4895
54 21 1776
38 75 6759
11 46 8590
49 46 5045
65 27 3784
41 27 1897
32 9 4862
73 33 3280
49 45 460
74 17 1541
33 39 7780
73 55 9329
18 23 7472
16 33 3265
55 1 230
23 77 3312
3 27 6818
31 2 8581
73 3 8055
71 68 7377
60 16 465
13 63 3608
62 45 5924
46 47 2645
70 24 8768
40 48 3047
25 37 4785
46 78 9828
42 54 5388
68 71 1911
34 8 4229
32 30 1961
25 59 5163
21 29 5629
41 30 3940
3 46 125
69 3 678
71 20 6811
49 19 7388
70 53 4440
25 11 3799
75 42 9309
58 63 2562
18 14 8693
39 77 2566
31 61 611
4 67 7357
61 19 6340
42 74 2913
64 78 1073
29 15 7188
65 21 3125
39 45 6699
15 28 8693
76 75 3508
29 23 1890
12 60 2919
71 48 4104
63 41 9749
15 6 2254
48 47 8309
8 76 7256
51 21 3342
19 78 2061
63 18 2253
70 74 452
62 23 5878
22 71 9619
11 20 9257
5 15 921
46 18 77
1 29 4256
34 57 5608
63 2 4188
13 41 4538
54 48 6171
20 9 7472
17 59 3129
51 55 7094
45 12 9902
74 60 740
68 38 1194
62 65 57
39 33 3634
72 30 39
53 24 4698
39 50 9252
23 76 9564
45 24 6591
28 4 4348
54 66 3343
6 50 8791
19 14 7438
60 49 2423
55 21 8916
25 5 2562
17 1 1054
14 71 437
76 48 3180
14 41 8877
10 21 2059
12 2 284
58 20 9305
47 45 1984
32 32 7285
68 55 5227
72 73 8404
50 45 1292
14 52 1255
65 40 4536
68 22 7640
68 12 5253
35 10 6897
39 72 712
56 41 3551
59 68 7183
51 70 7261
73 55 2048
44 4 2219
32 35 728
73 49 1697
20 18 1772
47 14 7528
45 23 3814
4 37 768
20 31 6349
34 1 6528
49 47 1378
66 34 598
9 64 1607
1 15 1919
32 57 1876
50 4 9027
58 53 2459
7 70 7897
42 35 5728
22 47 6792
73 14 9361
17 14 6153
17 20 4976
63 55 4225
4 47 4522
19 64 9180
48 55 4195
32 4 7314
20 37 8212
45 47 5693
3 31 6214
44 58 1477
10 30 9902
43 19 8994
41 32 993
5 16 6707
63 47 2254
34 77 9863
41 43 5861
63 19 7089
63 62 2241
10 5 5434
68 36 6963
13 17 941
49 68 6178
7 65 6535
13 61 9520
26 22 4745
9 24 974
19 29 661
27 33 1367
71 34 344
42 69 8646
51 16 913
64 47 7839
13 46 3031
23 63 7046
38 29 41
8 24 4606
9 74 1710
18 78 5701
28 66 7340
22 68 2861
27 20 1511
56 56 1692
64 45 9840
75 57 2046
73 64 5582
73 53 8492
22 11 3509
17 75 7626
41 62 6442
5 41 4811
77 67 4105
16 73 3855
45 53 3163
20 65 415
24 50 4299
24 10 5176
16 78 6741
20 6 861
45 55 3316
20 71 8095
26 66 5181
61 31 7491
44 5 3107
75 75 2960
13 45 4497
51 53 4804
39 31 1608
42 59 4911
38 19 2525
17 61 7539
40 66 6643
15 19 8957
9 53 8059
7 66 6819
2 41 4239
55 36 7814
60 26 1610
75 19 9374
75 42 1689
67 21 1502
6 7 2436
38 41 1971
19 14 230
50 32 4364
76 71 9369
3 19 1237
24 26 9780
23 28 6374
31 20 1648
55 27 1425
73 34 9103
16 31 5646
64 10 9567
33 29 8191
56 2 1527
26 48 2045
66 18 7320
71 8 6460
5 5 640
49 71 4078
76 40 8759
57 67 7671
25 55 5659
6 50 494
76 47 3689
71 11 3418
74 63 884
28 57 3842
59 54 8032
4 1 602
3 29 3228
12 39 6808
55 47 8853
11 47 5906
45 39 3480
55 3 9650
65 31 9917
51 11 684
28 42 1449
23 7 7568
72 31 3504
52 52 2401
58 48 2173
38 59 2605
56 30 21
71 71 5394
71 39 5031
42 76 9260
34 11 370
23 20 4951
24 22 1418
50 58 9923
48 28 7668
54 2 696
54 18 8204
66 29 7623
8 13 6682
66 20 3897
26 71 2153
14 58 3450
24 4 182
68 74 5770
55 45 9782
29 52 2562
46 44 9655
42 62 303
43 4 4439
37 52 3115
28 42 1729
46 30 381
26 18 9539
2 14 143
18 33 3758
63 40 3333
34 9 1431
8 49 7028
23 24 2393
11 58 8869
5 67 5304
58 54 5702
27 6 9929
71 16 1949
37 44 1902
51 37 2502
14 66 7532
57 27 798
65 61 9229
6 65 2962
67 34 8884
69 68 6633
17 68 7942
5 78 8806
75 43 3350
55 7 8054
26 62 3070
38 71 1938
20 59 7904
5 33 9282
70 41 8445
60 55 9773
37 23 9979
50 2 2607
68 19 8186
58 37 5179
50 23 5731
59 58 4198
38 24 6693
67 11 4122
25 7 5251
61 14 735
19 68 9637
49 40 6627
66 65 8612
9 11 5092
60 65 6499
11 16 718
76 50 3191
18 64 5585
10 37 6519
66 27 3285
62 73 624
69 51 1505
45 42 9058
44 3 1549
16 48 2150
43 47 4052
64 76 8716
6 42 2274
8 45 6842
51 57 9540
45 14 7280
5 12 9650
19 72 8101
41 23 1994
62 55 6053
45 15 7916
56 6 5685
25 11 2011
44 24 2526
1 16 1337
27 62 953
4 30 1000
47 2 8148
50 19 9754
51 48 4746
26 34 3526
54 56 1602
27 18 6788
9 78 2205
3 78 9482
3 64 7921
10 63 7833
38 46 8567
7 52 4361
64 12 8294
50 24 7705
75 59 9456
64 65 7182
46 14 1338
22 66 3368
68 22 4348
50 20 8204
34 19 1944
19 61 1616
9 62 3317
36 38 2758
16 60 5708
2 36 521
13 70 1757
29 52 9756
40 49 9946
45 14 9431
20 62 2884
76 60 7561
28 40 6557
65 71 1429
41 17 1301
21 54 666
61 55 5586
17 15 7936
1 77 5926
59 78 2032
8 12 6884
7 54 4470
54 41 9551
47 62 5321
6 64 2121
17 58 1072
5 38 6395
73 12 1515
60 56 9453
74 45 4717
19 21 2941
30 33 3906
55 14 7118
5 58 5088
28 42 3877
17 19 2540
22 61 1480
31 43 7627
67 26 3956
19 32 6386
4 47 9186
76 27 5245
1 26 2684
69 53 5129
4 6 649
50 37 8762
15 20 3116
30 38 5897
55 58 508
78 58 234
13 10 9498
37 37 668
73 24 9688
76 2 3524
23 68 7826
69 24 3242
1 78 4532
44 17 3227
41 48 655
35 9 708
12 44 1648
48 7 1672
13 5 8087
34 6 6783
46 23 5002
53 13 4489
49 46 9052
26 73 1331
14 20 8833
38 72 5258
50 45 8001
49 59 660
30 21 4158
30 1 6163
55 20 8553
3 74 6304
20 71 9040
40 15 9186
56 59 2439
63 49 4569
29 18 2103
1 31 297
78 52 3554
3 4 2405
42 68 8212
34 67 5018
21 53 9511
20 31 5715
9 71 431
44 49 7362
31 73 5411
2 40 3536
71 35 9337
17 30 355
59 34 8817
24 68 5706
37 36 5939
11 29 5861
48 76 6370
70 32 8707
35 59 3294
62 9 9134
43 37 5947
22 60 1770
47 1 6293
66 2 113
31 78 4180
7 10 1574
34 17 5945
28 39 901
3 34 1694
18 70 9076
45 37 6396
68 13 8055
33 23 8052
59 47 451
62 77 4400
46 13 7602
52 54 8133
50 50 9069
1 37 3937
5 16 8908
76 39 7633
50 6 9431
26 55 9536
44 22 5508
75 78 9875
5 67 1051
65 17 7794
71 56 3018
73 25 4383
46 30 2133
29 72 8760
30 66 9135
67 41 28
20 19 5949
2 77 7936
39 66 5566
38 31 7043
34 12 1012
50 40 1181
38 64 6267
42 64 2409
70 32 7778
46 23 7555
62 78 8442
21 43 5673
62 65 6526
57 31 3029
44 20 5154
71 12 7398
37 26 1134
57 9 1155
20 16 2147
56 16 5312
77 48 4641
56 22 9326
68 73 8804
22 2 645
21 6 9163
30 52 9342
13 62 321
57 65 971
66 69 4192
67 58 3655
2 71 7605
64 58 2651
33 37 9860
3 8 3415
43 29 9844
36 28 5648
6 7 5345
46 1 1859
17 55 6267
34 54 3520
75 13 5002
22 1 1731
75 76 8011
35 42 5658
56 72 1311
38 44 11
60 44 5715
12 76 7345
62 29 1248
12 1 1868
66 2 1901
5 47 7464
36 29 8839
38 49 1387
17 25 4379
69 23 2383
24 62 657
59 44 4112
45 17 978
64 38 1198
44 1 5357
30 70 306
6 23 1047
60 62 2560
12 36 7207
17 52 737
51 50 5273
70 77 9521
57 76 2118
31 38 6228
25 76 2654
17 66 6907
61 44 2116
22 70 7060
70 31 1090
78 72 2733
63 71 9533
46 27 3017
33 36 4253
78 61 6494
39 34 1947
31 63 612
39 20 6307
59 67 1361
62 36 5744
34 3 1230
2 58 7761
37 12 3753
67 13 9349
66 20 9311
57 73 437
33 54 2224
24 3 2914
6 64 5569
39 2 2894
32 15 1443
44 70 431
6 55 2662
13 45 3030
30 31 6448
41 7 2297
25 53 9831
1 26 3037
34 36 786
57 72 6456
70 33 5359
50 39 2551
27 1 5420
5 14 9344
31 44 3624
16 56 2663
10 35 6933
65 33 37
52 62 2837
25 28 8509
24 38 8068
57 10 2501
10 16 2735
50 59 9709
41 59 3596
52 66 3327
58 58 4132
33 48 5762
77 48 6697
32 12 7577
69 24 1901
73 19 3506
30 54 5628
21 59 706
36 74 8399
74 46 2067
66 75 5236
31 59 3668
41 37 3813
34 65 7486
69 34 6317
49 58 4095
48 3 7660
23 74 6113
50 61 3262
69 4 5713
39 31 703
55 75 2538
3 78 6462
58 35 3832
19 6 5973
75 14 6034
63 74 6903
33 70 5836
33 50 1544
67 62 6841
5 51 2622
48 15 2184
37 62 1447
43 44 9024
58 10 1057
42 65 6874
69 10 2894
38 20 2939
29 6 6083
47 14 715
27 52 3604
41 59 1879
11 67 1252
64 29 4671
36 59 2150
22 43 3001
31 15 6533
66 51 2608
16 53 4210
7 10 505
38 68 2363
48 2 4263
41 53 1495
71 12 2399
72 63 1985
78 48 7612
54 12 9436
70 50 5884
14 29 979
50 17 367
33 29 9967
2 37 3771
58 21 6184
63 7 1479
32 33 1647
17 64 1144
24 39 1
32 62 8987
30 31 3899
16 44 5409
33 38 1184
39 27 3567
57 57 3148
18 58 8044
32 5 8122
76 60 6097
56 68 4417
46 53 3512
61 71 1872
35 28 8307
40 66 4474
25 76 7767
27 20 6010
62 58 5738
22 4 7768
37 27 9388
39 59 582
52 17 7159
43 30 6323
5 58 9441
46 12 7200
75 64 3062
12 3 4844
23 54 3740
54 41 9811
27 16 8277
63 51 500
27 56 818
20 52 2015
70 46 1686
65 72 1405
38 55 4827
52 61 1179
35 53 7720
58 49 1120
62 77 6680
65 58 2189
43 51 1090
1 53 255
33 46 9873
22 24 183
21 70 9008
29 67 4364
47 24 3251
13 76 2357
7 7 7698
70 52 2425
52 36 1418
3 47 3973
52 53 4227
43 30 8946
1 52 330
22 39 2423
24 45 1543
68 69 8616
25 17 5219
78 74 901
35 47 8377
15 2 6832
35 51 7286
40 37 1076
66 12 626
52 13 1963
27 35 2034
9 21 2028
55 45 9293
59 52 823
40 24 7220
48 3 4661
5 51 682
77 69 2135
24 55 9869
1 59 1187
36 15 8496
67 29 1775
13 2 1157
45 29 2275
29 71 1128
26 6 1203
40 71 5024
60 56 8519
46 40 375
43 65 8832
12 44 8255
56 40 5598
29 23 4716
67 78 9322
41 8 8074
78 56 7032
45 21 6315
16 46 2072
66 11 8636
73 5 489
44 35 9352
38 20 4958
51 39 2030
9 24 6027
77 59 5910
2 44 2010
54 31 2408
30 55 9466
25 7 1025
56 55 3666
21 57 5444
34 27 4779
14 20 2059
21 66 8283
11 24 2389
50 44 428
25 17 6596
58 78 2669
29 76 6440
70 56 7986
37 25 2060
37 55 6726
18 68 9000
14 30 3935
39 5 3213
57 60 7835
57 45 1863
5 52 7650
13 38 8131
41 8 711
9 73 7963
36 27 9044
9 40 991
9 69 910
48 59 6743
8 31 2881
60 67 9468
6 50 881
64 26 2763
51 75 1556
7 63 624
9 2 5751
10 22 3774
66 40 5494
67 42 9255
67 36 7449
12 24 7770
40 21 2504
21 13 2556
44 15 8224
36 18 6056
10 37 3551
75 10 8313
34 62 9819
66 17 589
48 30 128
49 8 8944
2 39 2323
43 75 308
58 19 2381
78 33 1370
10 75 8147
58 62 4444
36 57 6559
74 49 1023
32 23 2098
24 30 3333
54 75 2468
9 52 598
60 5 1155
24 14 2119
2 57 6907
39 16 3103
37 25 9359
24 16 3427
72 51 2510
59 28 78
76 63 9281
15 36 7597
34 62 2447
1 74 9818
16 32 9331
56 23 6729
76 70 8263
40 44 1366
54 32 4520
71 5 5429
38 22 3435
35 55 1711
41 70 7625
24 40 6823
57 35 9952
52 52 6775
5 13 8996
64 48 567
76 42 3873
29 1 5584
41 42 1938
30 36 7583
36 68 3774
58 27 3132
50 31 1928
7 3 386
33 41 5287
50 51 9972
78 56 6593
54 38 9898
29 44 2410
58 13 1559
24 22 5770
20 14 8246
44 74 762
16 3 1541
20 68 8591
26 62 5475
22 64 5344
15 67 7724
41 44 6452
31 15 8169
61 26 4135
71 24 4737
78 33 7574
46 64 4521
51 2 2035
21 56 2130
20 26 4323
62 40 3828
53 27 2849
12 20 5931
31 22 6679
78 40 4975
26 67 1493
65 62 7943
64 72 2586
51 19 5253
54 44 4720
62 43 2329
19 71 6854
6 24 5612
6 66 6417
8 46 9467
37 56 9821
65 12 9405
46 40 6207
77 3 4309
30 41 3131
48 65 3470
58 49 9892
39 10 4321
35 63 456
49 52 9537
44 39 7996
2 30 2527
39 8 7137
5 46 7905
40 13 2173
48 21 1188
9 54 9944
10 44 6107
72 50 1913
64 63 2903
32 38 2633
78 58 683
13 13 9427
26 35 1870
17 49 3422
18 28 488
2 41 7023
12 37 6389
42 20 7910
51 56 5458
66 36 3165
18 38 5536
26 59 1858
72 5 1305
73 52 3031
12 33 1523
34 64 1216
74 15 7121
31 36 7177
50 48 7903
1 23 7819
42 30 3573
73 41 113
8 53 3008
12 56 4115
49 46 3945
21 77 1320
4 8 9204
72 14 5354
53 2 1523
30 40 9440
39 36 2461
75 13 4479
65 58 1276
78 30 8783
66 35 6025
68 4 9487
46 76 403
38 1 2266
44 26 9025
55 60 7592
14 12 5713
68 22 8693
35 46 5776
65 51 5983
28 65 7492
40 7 2043
5 1 1702
27 74 8406
65 8 4229
35 68 4345
42 58 1182
75 8 6279
56 37 4860
11 32 8304
29 78 6460
5 35 1908
11 46 3767
10 67 603
49 26 4634
11 29 6498
75 43 7510
73 32 5902
73 4 1219
40 57 1426
56 30 5785
8 21 2640
45 26 4721
23 15 3970
12 47 9853
38 76 1547
18 71 6692
42 13 9333
33 10 9588
29 45 8145
39 5 2163
69 6 2751
25 31 4820
4 26 7841
65 68 4023
15 63 8628
10 65 6755
5 13 8715
57 5 5605
16 32 1089
40 16 1296
46 16 6944
29 23 5515
56 15 1211
59 68 5428
26 6 7486
71 66 8510
49 12 4071
11 33 7578
34 54 1723
29 46 5379
56 24 9354
21 16 172
48 53 9792
19 57 3773
61 1 354
6 23 7008
36 78 6984
33 9 966
71 45 6628
27 10 2754
58 38 9609
2 75 8176
64 39 4696
65 68 690
44 28 515
76 64 1708
13 39 8643
32 50 1888
51 15 6711
13 25 1356
44 40 2883
53 72 4087
60 32 5897
35 43 3462
45 51 8320
50 29 3912
32 38 2377
22 75 6761
68 38 2450
70 36 3016
75 24 2191
63 2 6261
29 41 5902
78 35 7323
9 34 2598
21 39 3269
68 68 3029
72 65 578
75 35 4491
39 19 8543
68 64 8574
53 2 5042
17 35 3045
53 49 6031
71 4 3571
37 32 3046
8 7 1175
72 5 6943
50 19 5274
56 12 983
52 43 469
62 11 2891
16 11 9813
65 23 9450
21 73 4355
46 3 3172
22 61 7900
9 35 6667
47 29 325
42 68 5122
70 56 2458
60 32 3960
48 47 7010
71 50 303
23 60 7078
48 68 1519
4 70 1898
56 21 6497
10 65 5603
12 31 8124
57 27 8234
57 33 1240
52 32 2635
75 37 3213
45 63 8590
52 18 9448
48 33 4807
42 39 5912
74 45 4727
33 70 424
2 55 946
70 71 6783
57 28 1229
66 45 635
30 41 9246
3 64 5217
67 51 4230
22 74 5405
36 46 1911
49 38 2532
58 68 1016
30 8 8066
51 59 2440
58 19 8321
58 70 748
70 57 1835
42 77 1723
1 71 5040
17 76 7636
28 78 1018
43 32 6437
41 11 9445
39 4 3407
19 72 5992
37 38 8033
2 45 955
45 29 1018
75 41 8116
37 67 8589
60 44 3855
31 3 4329
18 50 4573
75 1 914
38 54 31
47 23 4871
29 47 3747
34 56 9463
75 31 6996
45 68 1227
65 59 506
77 38 7912
60 9 44
47 58 4315
51 21 3264
25 26 1652
33 76 1789
52 64 693
38 69 2001
22 54 1509
19 53 6022
27 23 4396
29 4 3127
59 7 2035
52 31 3191
18 61 6225
25 39 4855
62 67 7899
52 20 8884
62 59 4210
69 69 8762
8 23 6012
59 16 9220
3 62 6935
26 78 328
10 12 3267
33 29 7328
17 75 219
65 26 5659
60 22 728
14 54 3706
15 52 4840
75 6 6706
74 31 6296
14 66 1900
7 16 6422
31 76 8196
78 48 8565
5 55 8898
4 59 694
16 45 5367
66 12 6475
24 58 5065
27 4 4170
59 36 7857
8 47 3652
64 45 1320
5 29 3928
8 41 2238
16 56 5423
2 76 7311
39 6 7759
36 29 8546
39 33 2925
34 11 5968
27 19 520
41 39 4817
22 55 4460
24 78 506
35 24 5201
56 21 3004
76 30 8056
33 75 2045
72 38 2822
15 44 126
32 4 5823
59 45 490
14 14 2018
68 4 8006
18 45 867
60 63 7497
38 65 85
26 40 6087
33 19 1190
35 54 5232
20 4 9126
1 46 8974
36 46 4529
53 29 3570
5 25 4779
34 67 7668
17 17 6630
5 71 710
37 70 3127
42 44 1668
27 31 4391
44 26 296
10 6 8548
25 67 7518
31 55 5478
43 47 2789
32 72 7921
55 41 9452
65 74 7375
42 10 7555
5 54 1182
39 73 6468
46 57 2548
29 14 7902
2 22 2117
11 40 7647
29 55 5463
61 60 442
61 42 1996
24 45 3432
49 19 1357
3 3 5444
31 67 536
22 71 4521
19 8 6049
61 27 219
53 33 836
45 22 5793
61 68 375
23 45 479
15 58 6420
28 58 8297
75 72 6387
44 49 7255
13 62 3811
50 6 4729
54 72 1209
5 38 2633
30 12 1123
25 63 1878
13 36 1062
52 56 6325
2 2 2486
41 15 9326
61 29 5359
18 47 7618
68 50 5145
64 23 8038
10 77 5705
30 1 6668
65 26 577
49 53 4563
9 34 9977
46 57 2622
71 37 9849
41 7 5735
70 8 7117
17 35 3163
22 45 9642
54 67 1918
61 74 1115
69 48 483
67 43 1148
72 68 7337
33 32 9641
29 20 2436
37 35 1821
17 9 1705
13 56 1068
25 3 9885
64 59 2192
54 59 1423
71 5 9013
55 69 2218
19 3 4792
60 33 4643
39 48 1513
32 7 5580
15 8 2468
7 56 6068
23 29 6929
37 20 1193
57 71 3774
23 71 8991
57 38 1186
44 59 2307
17 43 3151
75 61 8130
59 70 317
38 39 6540
42 6 2533
23 54 2626
22 25 6137
31 54 5978
72 1 5465
61 11 1962
70 15 1328
37 25 1974
12 66 4650
26 6 2215
16 19 72
39 56 8555
78 35 3150
36 11 7969
13 23 2035
8 16 2412
32 66 2714
9 58 6252
39 40 8330
19 71 1894
34 8 1792
7 10 8431
50 5 917
18 23 1271
38 65 2249
64 38 8580
15 54 879
77 77 2510
7 52 3940
64 68 3185
58 36 216
4 56 565
78 53 1869
52 2 3461
28 37 2794
32 47 1915
78 21 4929
15 10 1318
8 55 5072
16 16 5318
31 8 2626
65 32 8986
29 5 1604
37 6 7881
59 23 8967
14 75 7363
18 47 153
2 25 5697
11 13 6358
78 36 7568
24 72 1497
17 31 6358
22 45 996
3 67 9489
17 18 3136
66 78 1311
47 18 3228
33 63 3082
47 71 4392
28 60 5398
72 42 350
50 26 9420
35 41 5062
56 20 8765
43 75 1035
50 22 4016
34 39 6806
75 30 176
60 22 2510
72 18 3284
29 23 2019
19 45 5228
48 31 7101
25 26 1562
8 36 3577
48 9 8496
62 6 3713
58 12 9726
26 76 8143
16 5 7570
37 24 9619
57 75 2663
68 20 1231
67 14 164
39 34 8136
26 42 642
12 26 9336
67 42 9657
23 76 7726
6 24 7370
11 70 3286
69 29 5602
54 66 5159
59 18 8556
66 33 5089
17 39 5213
12 13 1669
66 63 4537
64 11 3956
39 5 2335
12 36 3047
35 10 13
45 5 5919
23 61 5008
18 4 3220
69 39 1839
17 26 575
67 35 7959
67 18 8870
56 64 1145
4 9 1692
76 24 679
33 22 184
6 70 5194
22 46 6115
72 64 9738
3 62 371
54 63 9256
51 58 646
44 71 1805
21 22 2246
9 36 8667
75 59 8561
44 20 6379
26 61 8549
7 66 1048
77 77 9742
49 59 7293
70 3 4740
20 26 395
8 62 5628
34 74 8593
1 5 1556
62 41 9623
24 29 6348
17 56 1274
75 39 4381
29 34 7906
40 13 3405
5 10 6296
3 58 3324
34 35 4748
74 78 8472
36 74 7144
3 53 1231
37 74 6703
32 43 3102
17 17 2895
63 57 2271
25 41 9741
16 30 5713
76 42 1026
4 15 7086
49 10 9318
48 28 208
62 75 8985
64 15 882
23 45 8856
78 55 4920
61 52 2933
74 1 1169
56 40 6539
74 28 6039
48 25 4382
38 54 2157
67 24 8972
55 41 5491
69 15 1185
24 37 5009
15 1 9130
68 11 2315
27 34 4921
30 17 605
45 25 1327
43 51 2604
7 18 7933
40 59 6959
8 69 3857
56 29 3671
52 15 9914
5 52 1347
33 50 4168
14 42 6865
36 72 8369
44 40 797
39 7 9553
38 10 2124
50 8 532
29 45 8853
38 63 8212
8 65 2964
2 70 6140
47 18 1202
42 30 5811
16 43 9469
42 50 2062
67 52 4682
53 38 9188
54 29 8587
43 15 5214
24 29 553
32 3 8303
25 74 2082
57 37 4947
17 9 4416
64 1 1483
1 34 192
20 37 93
32 24 8128
37 44 5669
34 16 439
29 62 9700
78 65 8679
48 15 4418
22 43 5648
24 31 962
48 27 2955
67 24 9191
14 15 5501
76 45 595
22 4 2101
29 9 1317
59 14 8205
44 27 5931
27 7 7809
62 55 6170
62 46 1333
33 44 8152
19 14 8067
39 21 7366
44 18 6253
23 66 7145
76 31 251
46 46 570
25 8 3082
57 45 7182
70 3 4797
23 17 4551
9 46 1019
60 71 145
13 69 986
76 6 3509
6 31 550
35 17 3621
77 5 1059
17 35 1106
14 13 5587
14 57 6477
19 47 2464
71 60 5933
53 15 2666
74 21 1215
7 22 4908
32 24 3571
42 4 1417
74 74 171
51 16 3284
8 56 7928
56 19 1576
66 60 8869
26 65 8656
56 66 2106
42 19 3857
39 32 1306
11 4 8833
1 64 3426
66 41 1290
36 32 3826
64 64 7499
46 42 299
73 60 9622
15 17 1762
25 51 5573
51 54 2168
19 12 5051
29 50 5509
58 59 7152
71 52 5280
65 42 3893
52 56 8666
52 66 5412
78 66 2605
47 37 7707
49 23 289
5 45 8961
57 13 2948
77 36 5360
43 65 4497
25 14 8181
56 55 2054
5 4 1278
23 78 4589
46 53 201
51 42 744
2 15 8750
43 13 2569
27 63 4817
53 76 2255
56 74 7211
63 37 9543
52 34 148
5 14 1072
64 13 1448
42 75 853
54 10 2953
72 47 3254
53 26 2287
33 48 7819
55 1 3028
31 23 564
11 73 6988
36 30 9057
10 6 2751
46 58 4382
8 3 5849
59 65 943
12 70 5052
1 55 626
3 22 6476
23 8 632
13 62 8538
36 77 6331
21 16 8814
67 31 2616
52 56 8326
5 74 9353
56 12 1965
19 49 4653
55 42 7749
7 41 2026
21 42 8020
13 36 388
11 47 2239
65 72 2413
73 77 3930
42 69 9413
21 68 2447
4 31 3496
19 23 665
30 40 2704
57 42 9400
64 70 8247
26 68 3280
44 46 2489
4 21 2618
27 1 1560
28 34 7916
26 12 6001
5 72 2453
33 1 980
36 42 3186
58 11 3607
12 10 2493
72 5 6432
53 23 928
7 3 5486
50 39 1600
33 55 5508
22 26 8213
77 27 6288
68 72 964
30 73 3898
13 29 5422
38 35 418
18 78 1749
39 7 5834
75 57 6483
53 63 9977
68 63 7165
62 26 277
68 17 2498
55 8 9245
52 38 7156
72 12 2192
52 41 4858
5 53 7115
77 52 5243
67 13 2323
45 72 2027
32 52 4145
58 62 1236
8 24 963
29 25 7596
9 24 693
17 4 5365
12 36 5915
72 65 1661
19 2 1591
16 77 4925
60 40 5521
36 2 2495
69 21 9512
21 8 3286
24 66 311
33 57 9489
44 22 6777
58 24 4684
17 68 9888
23 51 2204
77 73 5624
60 34 8476
52 35 7797
58 45 4625
35 1 6216
51 76 3521
75 73 1160
34 73 5794
72 55 4399
52 17 6347
9 77 7208
8 21 4671
22 1 2053
22 20 9954
24 78 7957
68 1 6562
11 27 6315
58 65 4570
75 77 7926
36 57 6189
21 54 1786
40 78 1687
65 24 7208
15 54 723
58 78 2446
67 64 99
25 75 4362
72 63 4820
51 7 4609
77 30 1069
63 62 9094
63 45 3405
65 19 8283
8 13 1541
58 16 913
13 71 9487
26 32 9321
59 41 4197
17 16 6486
10 42 9375
48 29 813
58 52 2675
75 15 9103
37 66 2399
21 67 567
58 5 3493
39 38 852
26 72 620
25 68 1601
65 40 5780
50 45 729
31 50 9751
48 55 6624
67 1 8836
78 1 4354
42 74 5256
65 52 985
13 48 2275
39 25 4266
52 43 2688
45 14 3218
4 38 1728
75 20 6708
20 68 1613
56 7 4890
26 54 2542
43 64 4064
21 70 2356
56 12 8426
16 17 1226
5 74 2706
39 29 2570
21 5 7213
13 28 4761
55 67 8782
32 77 1828
65 8 1917
41 2 2454
25 31 40
3 59 9520
52 53 2063
9 74 155
19 11 6010
35 56 7652
31 35 8049
47 71 6270
17 66 5015
57 29 438
11 26 7107
36 41 1710
41 66 3359
78 13 8892
78 65 3299
27 44 5966
48 7 7491
42 64 7573
39 63 5693
74 40 5921
49 14 5114
56 26 6871
32 26 3089
32 69 4054
72 35 5860
10 25 4330
59 43 3926
6 78 4167
16 7 9375
47 14 6246
46 37 6336
78 75 6541
18 34 7415
40 68 5001
66 50 989
78 28 8183
38 65 6739
52 65 3563
35 58 3237
5 26 8523
78 3 3213
77 72 2598
16 12 3330
61 20 9628
41 59 7329
4 57 2064
3 57 3549
32 76 9421
40 71 7705
69 1 8476
34 2 9787
54 62 7140
64 39 5976
1 9 3969
11 24 9800
77 6 5075
56 76 725
77 53 56
31 37 2897
42 8 7939
9 78 4665
2 60 5164
32 16 9911
61 15 2867
16 42 8075
37 39 2477
13 10 9442
23 44 5840
34 66 9307
19 53 1221
12 27 7988
71 37 4773
48 74 4478
76 25 1744
16 52 2719
15 10 7205
39 22 9753
34 68 9206
41 21 1288
64 78 7910
1 57 6817
43 59 731
69 16 8510
10 24 2689
45 6 1985
4 20 185
78 49 9205
41 54 248
69 71 812
1 33 7132
26 67 3847
62 77 6919
66 78 2485
41 62 7534
66 30 6732
41 54 3182
3 48 1388
64 1 9349
54 3 7336
64 6 7358
13 50 2459
44 4 9962
34 24 7797
58 19 1603
64 6 3073
76 75 4331
14 23 1650
20 10 2177
78 61 3790
58 71 7380
59 33 3532
26 32 1890
22 37 4096
48 21 9961
40 18 4812
11 24 5615
24 26 5293
38 9 424
69 45 1648
61 38 6781
44 75 3905
37 22 9389
5 64 9805
33 18 8506
75 29 6857
34 66 1301
12 26 6741
75 7 9416
1 55 5456
17 70 6696
62 63 5125
41 17 6297
5 51 7290
77 66 1953
77 58 625
51 16 237
18 16 4767
63 51 8800
29 39 2579
17 66 6072
13 68 3257
42 56 2018
65 66 4225
57 46 1991
57 39 6480
70 62 1007
55 75 3886
78 59 4453
53 68 8709
31 64 1349
15 76 7171
50 65 2681
43 56 989
34 37 7107
1 24 4350
61 25 2820
7 77 8623
67 6 1081
22 44 7883
12 41 5368
78 11 2657
64 3 3118
55 78 3810
31 60 1706
18 32 8320
74 35 2195
5 62 5824
27 28 2074
56 66 1294
17 4 2806
70 13 202
75 28 3139
62 8 1553
61 65 313
43 58 7006
14 42 7951
49 78 712
57 70 5157
34 32 5308
39 31 5997
9 26 159
70 66 3529
76 36 9973
14 51 1670
24 75 7319
31 68 9784
74 70 7137
57 18 3772
20 31 6511
22 24 3249
45 44 9494
2 70 2245
47 19 3031
60 76 5361
32 78 7702
63 2 3655
45 60 1350
21 67 8519
44 62 2442
1 44 4852
10 4 8664
23 24 454
53 12 3598
73 43 6952
19 23 9966
21 28 8897
78 3 9677
45 74 2449
66 27 9504
69 11 2914
31 52 8125
15 26 3598
66 47 4390
23 53 7595
3 9 1181
44 24 9339
59 63 6887
56 1 8897
38 57 5597
65 50 9068
24 30 1600
21 2 5318
12 78 7838
69 51 5897
69 35 9192
34 63 2151
8 49 1659
59 11 3241
19 45 8370
58 46 7125
74 20 919
60 16 4786
59 53 8853
1 14 2296
64 36 6856
18 68 6576
49 34 2136
17 4 6161
19 15 6964
29 2 4501
76 4 4305
20 17 1230
46 3 3003
14 40 1632
31 34 2335
61 17 9780
47 65 1620
76 17 1456
45 11 2421
20 69 9609
62 47 475
14 62 1899
30 1 2858
21 21 7632
73 64 6106
73 58 2347
63 33 6958
4 23 6968
73 57 6615
77 55 5353
38 59 958
11 76 8743
35 61 2463
9 6 1660
47 7 5340
32 22 3635
27 78 4608
47 37 4868
36 27 2360
64 29 6097
59 31 6060
61 54 1602
78 75 5298
61 9 1811
17 76 8380
20 26 2731
12 2 8980
70 75 844
58 66 3506
72 9 2894
73 22 8154
47 30 6293
43 1 5827
58 35 4785
54 29 1605
14 68 7830
2 67 9956
44 10 6723
53 68 3648
19 78 1437
48 7 1283
74 6 3134
60 39 5810
56 66 5235
57 8 1369
38 76 971
6 25 341
5 46 3455
70 21 334
27 71 2939
22 23 8981
24 15 1067
61 19 2781
36 44 4818
60 49 4172
46 44 4502
45 78 3241
63 71 7783
75 42 9964
31 5 986
69 32 1519
60 31 1467
75 41 7054
45 64 8080
15 66 1789
46 26 198
54 42 4282
72 1 7456
42 14 3666
41 2 4329
45 45 5319
53 61 1934
35 77 4919
30 6 751
29 3 4741
39 53 8529
26 1 4398
28 7 85
47 66 344
18 57 7190
55 32 5290
42 55 5692
57 49 6535
19 31 725
75 22 5406
65 59 924
45 8 4117
69 70 9442
65 51 8186
55 1 4236
41 13 6047
62 26 6631
20 72 34
25 5 4096
73 23 8055
26 24 2240
63 3 736
17 29 9939
47 76 5216
35 58 9815
5 71 6749
24 36 645
18 44 6762
12 36 4050
19 45 8395
2 29 3398
14 58 1919
63 43 6154
4 39 8006
38 29 1011
66 17 2270
43 3 5021
40 4 1275
43 45 6289
44 48 3607
17 78 327
65 31 1913
59 74 8568
25 33 4295
74 5 4909
52 48 518
69 74 7795
4 38 7574
8 22 8106
54 68 4820
19 71 645
9 8 7135
66 23 3565
77 39 3894
70 38 4062
19 8 5551
73 45 9347
59 37 2877
66 67 7487
68 77 4273
38 9 7057
61 7 7591
73 76 7290
56 5 2168
8 20 5702
49 54 41
51 17 3165
34 1 78
50 44 815
69 57 6171
76 19 1681
60 63 2204
58 10 7962
34 28 1668
75 49 1038
64 51 8138
27 57 3935
48 5 7463
17 62 5186
11 78 8312
21 65 8572
54 2 8574
37 19 2851
24 59 3469
33 12 528
2 44 5797
10 78 880
11 46 9856
47 53 3323
48 26 2649
65 48 9615
35 71 2884
65 69 2213
3 3 8930
4 64 2434
10 53 7129
68 15 364
20 58 6350
72 58 3372
22 69 9232
31 59 417
60 18 8400
25 64 9843
19 69 3918
69 9 85
29 8 3736
48 69 9031
15 19 2276
40 13 6001
35 58 179
72 78 6930
36 31 6077
29 64 8484
28 10 6454
7 78 9856
64 77 505
39 56 817
61 31 1526
55 70 8033
37 73 2281
66 1 9080
77 76 827
51 33 3661
40 70 9132
13 8 7219
78 9 4917
50 24 1560
9 19 1865
65 16 8932
74 73 5871
30 56 3094
13 72 2860
55 64 590
2 25 9699
27 16 4241
23 47 8229
29 8 449
74 70 6877
67 13 649
16 36 383
29 7 7035
78 77 9747
23 72 9036
73 28 9342
48 25 2203
15 78 5012
8 52 2677
53 63 7660
42 40 8567
64 44 6705
24 68 3114
69 18 2101
14 77 2321
3 1 1865
21 60 9201
20 23 8288
71 2 1766
71 61 8600
4 26 2259
6 50 8256
57 1 7496
13 69 2770
8 44 8437
31 8 9435
45 49 8380
76 4 2347
61 59 4898
4 59 6970
36 7 8406
14 1 1242
60 73 5869
39 75 6562
49 77 7716
32 71 3951
50 32 1302
27 77 4466
34 38 3081
60 50 3266
71 37 5275
40 20 5853
11 49 2667
24 31 269
73 9 3041
52 14 6473
20 53 3279
38 23 2684
6 75 9379
37 61 1593
37 40 6452
72 7 9107
51 63 9307
76 73 6071
42 70 509
2 18 912
46 25 143
76 30 7861
23 39 8979
43 43 1938
63 53 2862
11 46 7093
19 18 8907
34 50 9449
52 4 4843
13 25 7494
26 78 9636
46 76 4959
31 63 7322
76 24 4625
23 64 3909
67 26 4390
65 8 713
54 35 7509
78 68 2916
6 64 1700
48 46 224
64 6 2143
72 65 6090
54 71 1596
28 33 5820
37 71 7325
26 60 2165
61 60 574
9 61 4040
38 18 197
28 46 5262
20 35 2785
15 29 4670
38 12 5776
10 52 9565
19 2 4606
33 49 4669
65 8 7900
8 43 4201
78 27 1040
28 2 2364
69 24 4754
44 67 6373
74 51 9947
28 34 3406
64 30 884
61 24 9239
11 27 8490
37 19 2230
77 65 1018
14 46 1099
29 33 9324
32 59 862
75 4 6510
70 50 4953
53 65 1072
69 50 2018
38 60 6966
7 6 5170
58 8 5984
77 28 8818
73 60 642
18 56 1873
27 40 6108
41 13 9273
3 56 5094
38 59 6527
30 59 9800
58 68 6183
1 45 2121
39 65 4903
58 69 6952
5 2 5094
7 69 2494
33 74 716
46 55 6634
19 63 7964
22 44 4962
49 78 1993
51 7 5364
36 53 476
7 66 9046
36 65 984
31 22 3710
60 61 2178
32 29 6559
30 16 1364
74 8 8818
14 42 575
4 9 6268
50 67 2019
53 14 6098
20 78 9794
3 59 9766
38 20 3294
18 36 9995
22 44 9687
51 57 3694
1 4 2707
67 32 280
30 26 5989
18 30 3763
6 27 7230
65 66 585
70 57 5411
53 11 8066
27 9 1908
34 56 4357
69 34 2123
56 26 2627
51 8 5152
35 78 8972
39 21 5202
77 71 7457
2 13 4482
46 27 4274
75 31 2422
64 45 7161
28 3 724
55 15 3928
9 54 9801
48 19 4181
67 43 7407
20 37 4989
61 66 8606
34 68 7818
42 4 8078
35 28 6020
27 76 754
44 48 6497
21 39 5697
75 33 9350
42 53 9229
57 18 3026
27 63 7462
49 20 5035
30 53 2025
25 11 327
62 6 8403
56 56 4692
15 18 802
66 17 3071
75 70 71
67 65 204
42 29 9104
33 68 6385
18 68 6561
35 59 3744
42 73 865
60 21 5540
6 28 193
74 44 2427
39 31 9882
75 18 6699
55 7 783
43 15 2806
43 58 7919
13 57 7397
5 32 4841
35 20 9920
49 44 7489
71 27 6085
20 55 1233
75 48 3626
72 3 6536
17 39 2463
17 71 1942
42 75 2021
58 59 1058
19 14 1332
36 1 7873
44 51 8063
40 61 7179
11 71 7839
41 64 5396
72 25 2411
44 50 6749
71 38 7472
33 65 4798
61 70 9855
15 42 2267
24 15 4040
7 2 834
14 51 5571
49 31 2873
53 35 8549
37 67 810
36 6 4712
73 2 9725
2 78 6224
43 23 566
3 62 4359
18 8 6780
37 48 4852
55 60 2570
41 62 267
30 16 5103
9 13 1441
58 55 5382
72 11 8497
10 60 1573
26 57 5714
67 58 4439
32 47 2669
76 27 989
53 13 8058
55 29 911
27 27 336
65 71 115
33 63 5557
77 46 9825
4 13 9193
58 62 3483
18 2 126
69 31 3776
20 22 472
32 14 6541
76 38 7660
25 9 7065
21 63 1946
2 65 3201
29 37 7138
74 28 6766
57 6 8928
26 67 5691
42 42 1158
58 48 6644
63 1 9746
48 64 3144
30 75 5521
69 78 8095
62 78 5573
41 76 1737
5 23 8535
74 57 4205
40 76 2792
78 64 7456
3 77 5513
57 26 6465
43 76 1188
37 25 8585
46 52 2521
49 11 417
37 11 8884
10 74 1323
68 65 9149
75 51 211
12 11 6706
27 69 7760
51 58 6231
54 52 6643
22 19 1827
40 60 2385
17 21 8099
4 71 8856
50 78 2917
30 76 390
8 25 2098
52 44 9608
7 27 5847
42 53 1597
62 5 7077
69 15 7689
44 6 1290
40 6 4360
36 44 3597
53 8 9722
72 16 486
3 43 5596
59 24 4339
17 27 9202
25 30 799
71 44 3416
49 42 3443
1 27 4567
69 26 3833
21 67 6387
10 55 6045
16 38 6930
10 16 3544
59 14 5273
6 17 734
6 64 321
71 12 3916
68 11 4039
22 38 9419
76 56 9549
35 19 9772
52 77 2757
52 4 6272
46 69 6830
51 78 2898
39 59 3492
49 38 6375
2 19 7371
35 57 7847
46 62 2425
33 25 1740
13 43 9991
77 44 3888
64 63 5449
49 35 6560
51 40 7401
35 61 233
62 6 6038
40 37 7675
16 43 7787
44 54 559
38 3 8601
59 71 871
34 15 6325
19 41 4419
27 35 6304
21 39 8074
15 54 8091
52 67 2157
54 67 8714
53 33 9299
70 17 7156
58 32 2638
71 11 1008
46 12 1016
10 3 125
69 24 8539
40 12 7351
53 49 6031
64 73 3182
18 44 2678
18 27 9092
16 36 7003
51 42 3227
72 64 1678
78 16 5311
16 51 1016
64 54 2174
71 47 4713
44 4 9756
61 10 3306
78 59 3732
43 16 592
72 51 5078
55 43 4338
55 63 853
73 27 9691
43 44 1645
1 60 2193
61 74 6392
36 36 9966
78 47 5217
22 23 5522
7 47 54
31 61 1587
63 26 6304
38 10 2403
68 32 3294
52 66 953
73 74 7181
51 63 6547
63 22 2297
32 29 1837
19 24 1089
64 8 4929
29 68 9631
28 64 3080
41 8 7270
58 27 2740
50 19 4699
46 33 6392
11 7 818
42 75 7158
49 49 8042
47 57 6002
9 37 5026
4 30 3974
8 69 5802
40 74 9416
28 16 2264
54 75 238
64 64 3648
52 27 5142
43 19 3382
49 46 9296
75 52 7755
7 17 8083
10 1 4443
73 55 8008
22 8 6584
27 13 1638
29 45 9085
38 49 8013
59 41 885
73 9 1078
40 5 856
60 19 2569
65 20 3083
61 30 3397
26 49 1671
9 7 811
74 27 1749
3 63 9887
32 36 1809
42 51 2025
27 30 5574
72 35 4942
37 68 3141
22 65 5196
78 42 7595
72 58 7809
49 40 9305
70 28 6390
16 23 7501
53 60 495
38 67 2368
1 6 8646
3 56 1530
5 2 1590
66 27 330
9 46 6911
24 33 6692
77 3 5400
30 33 1889
18 48 3941
29 67 1786
39 53 1383
4 71 5473
41 22 2936
58 66 9446
10 32 8479
53 14 5416
46 38 4965
5 45 167
24 55 5667
31 11 5487
10 6 507
34 66 400
29 69 1645
53 69 7912
22 43 1307
53 46 7185
36 21 6016
35 26 5784
42 29 8035
21 59 9268
19 37 9375
77 56 8519
72 33 9483
10 52 9324
14 50 195
1 5 7350
40 48 1392
68 54 2297
32 21 4824
48 17 976
3 45 1889
58 45 2367
36 11 6824
74 14 3893
60 42 3320
57 44 1032
73 14 1948
58 5 8131
22 33 7291
73 13 7927
74 65 2207
13 54 7557
40 15 5635
41 51 5807
49 19 2580
51 5 3313
78 36 7963
52 53 1123
35 23 7643
69 16 9357
44 34 6828
5 40 9488
58 14 3983
28 68 7507
68 37 2839
68 14 3608
5 25 1683
74 39 2453
49 63 772
6 60 5760
77 67 1341
78 32 4450
7 36 2843
68 33 8365
50 67 2243
34 29 8010
2 57 6977
46 69 2138
42 74 9045
66 14 8766
1 63 4996
20 17 301
38 23 2138
5 31 7292
4 7 1945
10 67 5996
56 9 5838
12 56 2650
50 44 404
61 57 1562
35 48 4923
34 14 7857
69 10 393
15 21 679
25 53 1527
10 3 8796
68 19 2099
19 45 9687
50 68 3534
78 53 5537
24 22 339
9 1 6961
39 69 1393
31 1 2511
5 20 7370
78 71 1115
47 22 5566
61 23 6057
42 28 1433
24 61 7972
69 12 7249
46 2 8994
71 56 408
19 6 2626
58 22 9483
36 66 6907
22 66 8245
10 17 2686
24 13 4513
25 54 1945
12 67 63
40 36 3486
68 12 8088
29 2 986
71 16 627
11 46 1809
41 67 831
63 37 4570
38 68 5766
20 45 4000
65 69 4620
38 18 1136
20 37 4115
9 39 3923
54 55 3034
5 66 5311
14 9 3927
28 62 6481
36 53 8259
58 41 9211
63 27 4650
9 4 8493
27 9 122
47 44 7048
2 32 976
47 7 4142
19 2 3499
1 41 6025
78 65 9312
18 2 1278
10 19 7783
16 55 3784
26 49 9651
73 25 7478
54 68 3226
24 71 5857
44 35 5393
37 23 1063
60 66 190
78 15 3573
4 45 232
9 56 7516
5 17 9045
6 35 1196
45 42 7630
58 2 9423
58 43 3793
11 9 2330
29 29 3320
44 74 1465
12 62 2104
54 11 3286
26 33 4395
75 7 110
12 55 70
46 52 9415
2 73 9267
4 74 8616
21 68 7603
7 49 3376
51 42 5889
42 38 9156
71 13 8134
23 41 1773
11 9 5305
70 9 8650
44 10 4424
78 76 6991
53 72 4059
3 5 5841
71 69 2285
57 39 2805
27 48 1474
15 19 2338
17 66 6768
29 11 6764
7 76 5147
38 61 2684
30 73 5582
77 73 8536
11 19 1480
78 43 3129
76 36 2422
30 1 1507
5 64 4405
34 66 1214
68 40 8974
39 47 9142
68 73 7433
35 17 5417
59 42 2136
51 63 3399
30 44 5760
10 1 7383
28 11 5831
64 22 5010
52 71 5512
57 35 8787
50 11 1627
5 59 3547
42 57 1962
67 30 4454
49 15 4804
58 64 3058
75 54 6123
60 50 5099
77 69 8518
36 60 4600
25 44 2435
5 55 9379
21 35 5321
7 53 2690
53 38 6684
42 38 6905
2 35 7620
63 41 6203
56 43 7150
74 65 1110
10 36 330
16 39 9231
37 71 1050
66 56 2280
74 41 1605
47 18 6870
7 39 5446
21 73 9007
69 19 7217
27 11 6382
18 34 3880
50 53 1433
68 28 2780
46 30 9324
76 78 8709
57 73 5503
4 26 1515
18 65 3381
77 22 3163
37 36 9103
52 42 879
4 43 568
27 2 1228
9 34 7163
31 68 6010
6 50 4574
58 42 638
73 31 2754
71 59 1340
72 45 5413
28 75 6609
3 25 6622
51 55 8178
78 57 4777
27 47 2511
21 27 1470
74 53 2976
68 72 7509
10 18 4666
20 15 3525
22 58 9182
51 15 5337
67 39 1905
1 33 8499
47 17 4448
47 62 5532
49 14 2644
73 28 8499
75 70 1194
28 73 6612
12 15 1162
72 59 6645
1 7 5667
26 9 7939
63 24 7537
64 10 141
33 10 5656
42 44 2229
63 25 9093
7 22 4540
77 40 4148
65 75 3512
5 45 2723
37 14 2717
19 17 7102
5 54 6364
40 54 2095
2 27 6387
48 68 147
60 44 907
32 52 7412
59 20 2417
5 4 9156
32 77 1275
39 3 5132
25 20 7498
4 50 5666
14 30 786
43 55 848
58 59 2171
59 32 4233
34 14 1080
71 16 2113
71 69 1158
54 8 3322
42 74 7395
8 13 6103
77 43 1632
64 5 6652
35 11 256
61 56 8457
9 70 7886
12 76 8005
53 68 590
9 58 6942
5 69 1884
2 24 2229
60 10 5600
48 10 5203
31 43 494
9 8 8404
29 2 7299
51 62 1948
25 24 8074
36 63 3420
37 69 5692
23 59 5296
14 28 6006
65 26 2393
57 28 8341
55 16 9136
44 77 7230
38 69 6031
70 20 8906
14 27 4823
41 17 1673
60 9 2283
73 76 4256
9 75 4872
2 14 4173
32 59 862
69 9 5973
38 51 7491
24 54 2320
76 49 103
76 21 5838
55 16 4985
55 44 7522
77 33 2000
48 50 7885
78 3 5122
66 43 2855
29 48 5500
13 31 9858
15 3 4203
50 73 409
7 53 494
10 57 36
35 78 6485
33 17 7198
29 18 4748
53 25 6095
31 26 4828
72 40 8069
75 19 837
23 33 8768
58 61 8757
46 53 4519
76 75 9616
75 60 1248
47 73 1595
16 19 6748
60 48 1766
55 32 3262
4 31 2842
70 52 7436
46 62 9026
16 49 3088
45 54 5772
53 63 552
42 78 936
22 19 1339
43 42 1956
2 47 2599
12 50 3346
48 2 8097
59 38 2681
50 51 3013
46 28 514
21 6 619
25 61 9604
75 18 4314
58 26 2548
34 50 9351
63 2 3980
40 15 8296
31 35 675
37 55 2068
44 58 2961
27 58 1623
58 24 2079
25 57 2972
41 28 9992
64 10 7556
23 68 7852
23 22 9794
41 7 742
27 46 2888
66 15 3054
66 6 9116
2 20 9728
3 13 2805
63 50 4098
37 55 8946
75 76 3697
57 25 1686
38 45 6320
43 75 7240
3 60 6316
29 29 5927
63 68 8624
27 73 8169
10 35 1748
50 35 6195
29 73 9769
70 24 5285
36 19 4153
1 66 3502
60 67 5345
75 36 3997
60 42 7141
16 30 514
9 11 3361
51 40 6972
70 61 6984
44 30 4014
49 7 6455
66 58 3192
20 24 8080
11 38 3932
76 39 7394
63 46 9802
12 68 1548
17 30 8098
48 21 4329
7 35 874
26 61 8994
60 30 3211
14 74 188
41 67 1615
6 31 8318
63 67 1175
38 13 6047
53 19 8278
70 50 4061
66 29 49
47 21 2851
64 67 6785
54 3 1642
27 51 5728
46 55 9030
2 1 3538
66 52 585
28 39 1552
45 56 6846
66 69 2664
3 69 6530
8 66 9985
29 60 2689
4 17 3178
50 23 1327
16 43 1425
17 57 1415
61 22 1202
45 51 9128
49 18 3926
22 58 548
17 24 6620
38 37 542
10 51 4799
66 29 415
45 10 5727
56 68 630
28 19 2764
68 34 4552
65 22 9258
4 61 1112
54 24 4843
26 62 2394
78 45 3075
35 51 8712
53 43 3461
2 31 5388
39 7 5165
57 67 468
43 30 7928
45 6 77
59 54 1337
11 33 1326
15 8 1318
50 62 4976
38 78 7727
21 3 4843
15 75 9054
14 61 6949
74 31 6780
32 70 1869
67 68 2538
54 71 4986
67 68 3934
74 57 7229
65 66 2442
30 58 6625
53 41 5950
17 26 6700
28 32 79
60 5 1987
47 6 3214
44 56 9820
46 76 3450
71 8 389
45 15 787
