100 5000
30 27 7045
31 74 8715
87 56 4082
65 56 4169
76 3 1619
27 24 70
76 83 7774
94 73 9861
23 100 6691
41 37 5166
73 27 9246
15 99 9545
58 1 5185
64 63 9339
28 62 769
75 5 6282
33 60 6622
45 38 3963
42 97 9123
11 53 8819
16 26 9454
52 83 5582
98 96 2840
80 94 6478
64 79 7909
27 23 5428
49 3 2952
86 78 3364
5 64 9262
72 39 9178
70 73 907
64 69 6358
46 80 9116
57 6 3634
50 23 8165
69 61 6428
73 49 2917
36 93 9394
23 89 691
74 97 4782
42 71 1100
59 98 3600
69 9 6694
54 76 1248
69 97 750
32 33 2891
70 13 832
31 83 4898
63 63 991
20 19 2812
79 90 1533
86 77 7320
86 74 1142
41 12 6110
82 49 196
13 56 2135
96 23 727
85 47 1084
77 45 7390
94 93 5008
22 43 1104
98 35 4745
27 53 9111
63 36 961
39 19 9222
55 53 8564
2 100 2675
1 80 3401
43 26 1569
1 96 2621
57 63 403
78 36 4908
61 34 2485
6 80 3794
35 10 5576
74 64 4184
80 20 2947
1 42 3823
56 69 7751
24 89 8758
22 71 6127
43 75 6069
3 29 846
100 35 4915
81 4 756
68 11 7001
96 38 7062
25 18 2912
64 19 5365
85 44 9983
39 47 5771
33 64 5561
25 16 6597
37 55 7384
45 36 872
72 77 9315
23 51 1882
6 55 1529
45 47 5766
44 98 8265
2 93 9214
1 1 1421
74 17 3446
64 15 2311
72 89 8631
9 19 2526
47 71 685
40 75 8232
90 70 5351
52 59 4847
99 8 3376
86 10 8924
92 81 9350
31 5 3836
43 69 304
11 61 9997
62 34 78
23 20 8277
5 43 6872
23 96 3444
16 38 488
4 94 136
54 88 8821
21 64 2038
79 96 310
29 20 7310
47 81 8550
17 15 1428
17 97 2753
57 44 7481
100 46 5765
28 5 7395
57 65 2244
37 48 9707
73 67 2916
93 37 1416
75 75 153
61 70 730
32 50 8683
33 16 9240
27 7 3523
16 25 914
7 74 7809
8 71 1582
96 1 811
62 71 3146
78 86 5018
85 27 2461
51 81 7343
49 51 8811
72 49 4081
49 17 3480
4 62 3128
88 98 942
28 72 1910
95 36 7423
9 27 7723
71 20 8053
62 53 5529
87 86 2429
13 85 9251
92 73 5531
2 3 2871
27 89 4207
79 53 1805
59 57 239
14 66 2933
13 91 1766
10 13 500
96 47 7343
3 25 9180
39 27 7328
75 54 1166
17 50 1361
91 81 7716
79 23 5267
98 15 1799
95 88 3495
33 77 276
3 70 939
58 53 5533
10 24 2483
62 43 2472
65 61 7894
88 81 5916
87 82 7032
42 52 3348
99 54 669
25 9 1835
6 25 915
13 82 3449
69 48 9797
42 23 2695
99 84 4488
36 37 1926
26 34 5317
53 99 1646
77 16 1857
31 33 3105
4 80 3562
93 3 5951
13 57 7156
84 28 3654
26 50 1353
42 28 2273
60 91 532
23 51 8016
16 92 9172
66 55 2593
83 28 3003
84 57 3238
21 26 8336
18 85 8544
55 68 2021
35 13 5783
32 57 1141
72 100 1549
21 95 4431
30 39 553
20 22 535
33 78 2095
70 9 3281
93 11 511
77 98 3364
50 31 1701
71 83 5625
33 93 7945
21 90 1614
60 1 8578
47 57 2873
81 29 9601
41 25 6587
45 53 5619
17 92 7427
82 77 8227
8 22 1674
61 9 1748
40 45 6083
44 35 9117
61 54 4840
80 29 146
52 55 5021
22 94 6775
43 62 7987
54 11 2258
19 13 696
50 87 4309
38 81 5565
97 35 2786
12 14 8859
8 57 3883
64 81 8981
24 89 8862
48 54 5846
89 41 401
49 27 6386
48 72 487
67 92 6067
10 66 584
87 12 2721
72 87 319
84 17 8750
26 80 6843
26 25 2977
28 19 4216
83 40 2338
53 42 1962
39 82 9084
86 5 6478
33 79 6214
94 62 3523
18 71 3399
24 56 1474
97 25 4294
52 76 4561
17 11 3036
88 89 9000
91 72 2326
3 30 9370
99 60 4167
45 45 6292
18 34 2964
7 91 36
73 99 3936
18 31 2785
47 51 7084
90 50 600
23 65 6168
93 23 6098
19 97 945
98 36 1371
46 78 4231
17 19 6573
84 42 7193
58 52 281
89 65 5524
11 32 6517
19 77 5770
6 50 7490
88 32 4181
98 48 7031
76 68 2436
76 55 3689
89 48 9401
58 33 3656
87 14 2494
65 48 1515
98 72 2596
55 76 3085
13 26 8501
51 37 542
26 67 6762
73 3 490
71 10 6321
8 40 8651
40 47 3135
22 88 5423
27 95 4313
51 17 9613
29 28 6205
79 4 1185
59 4 4010
42 71 4778
92 73 6006
80 80 3493
99 86 9218
1 45 9153
23 77 9373
39 38 5667
41 3 2995
93 10 8693
3 8 6303
1 37 8728
52 66 5110
95 82 1402
100 79 1447
46 40 6604
52 26 6525
98 69 6126
59 10 1746
55 20 5270
47 29 5198
86 49 1193
61 94 8287
46 26 2173
65 24 8203
39 24 6776
65 58 1978
70 4 4785
33 24 9862
93 26 4198
59 17 1274
11 47 5690
92 43 1477
74 28 4381
70 76 6648
35 49 3679
70 7 1921
14 97 8189
80 76 2019
62 91 2105
66 11 8981
53 85 250
8 79 7986
24 61 569
69 28 4068
86 7 3931
77 68 7096
64 61 1367
2 22 1915
70 88 9824
16 88 7070
8 65 5534
41 15 7864
95 33 5715
34 80 1564
66 40 6501
6 11 6507
47 83 563
64 35 8441
53 51 6399
63 17 2139
32 94 4909
67 44 5109
33 28 693
58 37 6491
37 14 3932
100 67 3493
19 35 1714
52 39 174
49 82 5907
75 27 1614
74 92 7408
13 15 8392
71 59 5321
39 45 8804
17 76 3537
83 86 758
50 71 2341
2 7 2420
93 96 3521
77 48 1120
86 3 8682
93 35 9424
26 50 7531
29 86 797
3 1 6756
10 13 7307
47 53 3161
29 31 9895
56 14 6340
60 11 8165
15 60 3936
72 58 2864
87 43 3321
35 40 5496
29 35 7339
99 98 9124
24 90 1824
82 60 2611
21 42 8631
25 93 7696
99 76 1853
86 41 359
69 84 7679
38 52 7283
82 36 6170
75 37 1535
90 62 5065
43 80 9940
23 45 5952
88 95 2452
51 56 7009
20 49 1827
61 40 3412
62 47 2865
13 9 9669
1 56 1603
97 65 756
45 30 275
76 15 210
79 67 119
79 60 5075
59 18 6597
96 97 8589
29 39 1533
75 100 2033
73 18 8107
24 35 9603
97 94 3608
78 71 1087
24 29 1580
56 34 7445
53 80 449
48 93 9362
15 15 6645
25 61 159
2 23 6943
3 41 9701
78 20 3227
41 27 9033
44 90 8613
36 6 7876
42 56 3503
71 30 5840
47 22 3117
64 3 2135
6 83 8488
61 72 6805
96 40 8436
62 38 9644
58 19 8653
8 20 1303
63 97 6933
72 22 7912
7 51 9618
56 48 2461
28 28 3721
43 58 9135
51 69 3732
16 73 1527
31 21 3870
24 21 7698
49 18 6712
27 70 4853
53 58 3239
83 83 7258
63 24 5680
85 89 2152
100 10 52
1 13 5762
50 93 2430
64 74 1304
7 100 2627
53 68 2250
34 91 846
54 18 5158
42 53 998
11 87 377
18 36 7822
54 60 3011
75 2 4454
54 7 4674
95 47 5744
49 46 7393
97 52 1479
42 87 7867
29 42 147
84 98 9641
80 65 5549
8 83 2042
70 6 8285
47 69 1052
58 27 768
69 96 1202
90 72 5821
100 72 6766
29 58 1419
89 33 8156
90 97 3328
4 13 1025
32 27 8986
57 53 3305
39 17 8130
70 5 6958
3 74 3908
7 13 1464
26 84 3799
42 64 1866
94 60 8406
33 4 3
39 97 2202
100 61 6038
85 38 9969
20 24 2592
98 31 1668
70 75 7799
65 89 1831
82 59 9828
65 20 7072
86 62 3432
82 98 6449
82 10 3658
89 52 2798
63 27 652
29 56 2084
70 37 6853
59 62 2693
26 22 1081
71 48 6421
17 32 8466
83 42 5038
12 93 8050
99 9 7513
3 72 1459
39 19 6350
99 10 4757
88 44 2161
26 61 1703
11 2 9572
21 92 6772
58 10 740
11 22 4126
18 91 628
64 50 8391
94 24 1999
12 50 3932
36 38 9970
87 4 1906
56 86 8523
59 98 4396
62 13 785
63 46 3587
84 15 3629
44 76 679
66 84 653
18 22 5631
40 72 5299
63 3 1781
44 30 5383
49 29 9374
25 40 7452
84 39 7315
96 82 1378
8 97 3492
40 79 7400
50 42 1222
57 64 4619
46 46 2674
74 54 2097
73 34 4640
73 94 492
82 1 7981
94 62 2026
40 62 2193
50 41 4676
36 40 6253
55 76 9174
79 76 4720
73 85 3777
88 8 7465
57 16 6252
98 85 1273
50 12 415
8 20 9073
92 13 5913
38 20 5289
83 26 356
75 48 9661
83 31 9285
71 6 3288
80 13 5148
36 64 7972
50 54 1497
38 82 3159
71 90 3570
36 73 4287
31 23 9040
63 51 3771
72 8 6432
97 97 3439
26 21 5582
9 26 4042
64 91 6776
56 40 9197
34 38 1518
33 26 8291
42 100 6355
61 64 561
6 14 672
69 2 7538
37 35 4105
37 41 2293
97 39 1105
35 83 7572
99 46 1057
99 13 8075
98 26 4364
77 22 9000
53 81 1067
34 71 9245
59 82 5377
62 46 7784
81 85 3051
81 65 1348
66 46 9925
26 29 2711
49 57 2424
80 44 1899
17 80 9753
17 8 4923
13 10 4021
63 70 3460
27 31 6718
94 65 860
55 74 2687
17 98 6955
43 77 2633
17 13 6686
45 92 1944
44 20 395
77 34 8979
97 93 3228
11 1 1554
38 33 1502
38 76 9940
21 12 5046
58 39 7615
46 17 5225
76 99 8895
69 94 8812
16 5 5992
38 4 951
35 91 1841
21 44 4620
1 82 7820
31 23 7029
42 52 6342
28 81 937
98 20 1099
96 15 6158
45 46 2091
73 40 5132
88 63 1122
44 42 2825
13 86 2922
51 49 8144
88 38 1449
44 44 624
92 79 5715
1 96 9049
56 68 6459
43 33 2354
44 40 1592
8 20 3653
81 79 149
67 61 9643
47 33 9931
57 9 5621
91 45 5426
7 88 7138
92 49 4427
89 21 2750
40 36 1765
5 39 6948
47 55 8331
52 72 2252
77 40 7991
27 93 5152
33 76 436
89 41 6598
14 98 643
48 2 6963
67 77 7230
6 31 2264
45 86 208
33 46 1909
77 20 4922
40 12 1661
25 96 335
89 25 7939
54 68 5268
45 45 6156
15 12 3653
48 22 9486
42 76 390
14 91 7236
89 48 5193
76 45 7493
93 79 1791
26 33 3099
69 23 1329
40 38 6879
62 2 261
10 22 9860
89 59 4601
26 79 2236
40 95 9736
35 20 9312
89 25 8069
31 64 6140
48 35 9673
89 21 9478
20 28 2761
77 97 2576
3 17 6041
9 14 8822
47 72 2486
76 76 6464
94 47 3990
18 29 6507
63 8 7272
16 68 1165
4 56 1027
56 11 1726
42 46 6013
30 73 1288
23 27 3959
26 47 2355
72 1 951
57 17 9731
50 71 9320
60 28 8687
46 95 3668
51 10 1191
88 56 2408
71 53 2983
18 9 8605
65 38 7414
57 49 2336
68 2 1839
61 40 8525
64 44 4098
17 15 3131
3 30 7618
38 61 436
93 72 5789
78 38 9094
22 43 1949
36 40 6205
14 56 2531
92 53 246
73 5 497
22 49 9772
25 72 3701
54 83 8585
91 99 4121
100 15 299
56 92 3704
23 51 801
84 35 6713
65 45 1269
43 20 1102
56 24 4318
77 27 1001
48 46 2292
46 9 4339
28 18 1259
13 7 3216
16 4 2999
62 74 5915
42 19 2107
70 49 7747
64 51 4104
38 76 9578
22 46 2132
8 83 5616
78 30 77
49 74 6068
87 64 3883
64 29 1735
94 43 44
43 72 4294
24 96 6049
92 19 5241
17 12 3235
92 22 9012
20 9 1534
21 100 804
99 38 6471
52 52 7429
39 46 3357
33 39 6270
62 41 6813
40 44 9181
30 9 9976
39 77 528
84 95 248
80 35 1498
58 99 7749
40 15 5445
95 76 6594
93 92 8466
84 96 4720
99 14 5124
12 55 8284
90 62 7883
31 30 4074
11 64 794
17 19 5978
6 100 1866
59 79 9297
44 61 4603
86 100 4187
84 38 688
89 79 2609
64 51 8906
30 36 8182
1 10 3394
87 86 4858
35 94 4952
25 29 8762
29 85 9608
78 86 3987
81 75 778
17 28 4439
29 55 7145
81 56 6416
22 18 7934
6 63 4856
37 16 2597
72 57 5055
19 73 48
99 74 8851
83 40 9700
98 59 4472
71 99 1160
63 83 3284
10 64 5229
98 45 2437
85 94 7030
27 59 6485
98 54 5545
61 59 9456
13 89 7153
52 65 322
15 60 9866
79 73 1676
40 85 9613
31 46 252
41 40 8742
78 26 469
36 9 8843
75 100 139
27 87 8297
8 85 1755
99 36 5477
51 63 585
67 30 1002
31 84 6220
59 74 5754
78 33 4940
57 4 1244
20 83 3505
87 54 3959
96 62 1588
54 46 8776
12 14 891
12 99 8760
90 31 5589
15 75 2585
1 73 5711
38 64 1998
35 63 6134
67 20 9529
29 68 2639
76 48 6161
79 51 4410
37 76 3659
35 96 8314
73 10 4808
89 13 4669
10 28 9785
18 62 2743
9 66 4934
29 64 5075
74 77 1839
46 97 109
60 77 9399
40 18 4045
44 25 2359
67 37 597
58 54 6700
7 54 5293
4 86 7494
5 81 2899
79 93 2372
53 19 8972
43 45 3223
82 24 433
67 55 7164
72 29 2121
14 15 7367
32 40 1231
73 66 3321
70 62 6275
95 94 9074
3 63 8520
48 55 7507
65 8 2842
11 83 5884
51 35 5365
47 81 2964
100 58 82
45 33 4082
33 16 4679
57 68 7553
71 1 1241
22 8 9490
95 16 4736
67 31 2601
92 12 4267
34 75 7353
14 82 8755
78 21 8124
83 9 2210
98 72 6156
16 59 1884
60 34 1502
95 41 3059
59 22 633
73 41 946
27 65 5788
39 71 6838
38 64 671
37 77 1340
27 33 718
89 33 3382
4 48 2267
60 22 2001
66 85 7247
84 20 9050
52 72 4036
46 54 1748
9 59 8041
19 84 9186
27 28 2026
89 37 7278
30 40 1205
36 86 6117
83 93 9723
15 13 173
93 24 8929
43 81 281
44 94 3255
99 45 8525
27 60 2018
100 11 724
51 36 8485
92 69 9654
97 22 5821
79 74 1026
84 6 6965
84 9 5510
1 80 4225
93 49 2439
74 65 1111
54 91 7231
71 96 2167
2 72 4583
93 33 28
79 83 4915
77 98 3309
57 98 9667
67 33 3132
85 57 9694
75 6 560
100 44 869
6 65 9608
22 66 7396
93 56 2264
33 27 4847
21 1 226
82 96 1500
38 62 7720
88 47 9009
26 36 2938
54 41 7437
67 6 7782
35 8 4601
99 79 2186
97 31 8711
19 36 9129
18 76 9632
40 66 5475
84 28 3060
80 4 1169
87 88 7585
36 24 8218
2 28 640
74 91 1131
58 85 3820
29 14 4414
76 40 486
50 38 6565
84 23 8363
54 12 9100
90 21 1980
26 25 6527
57 38 8068
12 36 2885
98 30 4353
28 50 7283
86 70 2384
97 39 670
93 48 4341
69 49 2103
53 7 9722
35 38 9337
79 78 9945
31 15 6689
44 11 1884
3 28 4178
43 13 9336
93 64 7946
91 23 9061
25 89 557
80 90 3301
2 62 2726
81 15 7982
59 3 734
22 75 1079
67 26 402
92 3 5695
26 63 9241
4 11 1633
29 74 4224
73 39 2013
68 22 4315
36 96 1926
10 81 8511
63 49 7142
75 49 6281
95 16 9932
99 70 4687
95 84 9647
89 34 1640
67 27 400
23 91 8996
24 80 6813
5 80 2685
11 85 7434
46 95 2953
58 33 1042
45 45 598
35 19 657
12 90 2583
73 72 6314
77 70 8361
12 43 1793
23 93 5174
47 52 9765
38 99 2155
73 60 6907
19 42 5492
42 28 9927
3 68 6692
50 39 974
77 89 1972
79 57 1758
53 31 1442
83 75 3396
70 16 4569
90 46 1267
41 87 1515
89 70 1775
85 86 3075
72 12 6292
6 9 5703
5 32 6388
63 66 8041
13 96 9793
43 86 7117
25 48 984
14 11 9895
23 81 3125
98 80 4030
24 62 2346
72 75 7147
59 98 3510
7 80 1711
92 95 9328
80 97 3899
5 20 3343
23 100 6890
35 83 4261
93 86 5705
98 21 3053
84 24 7320
6 23 5283
75 23 6298
4 53 4712
81 75 5752
80 58 1869
51 4 6547
2 72 7044
21 16 8676
58 91 5520
83 88 150
73 24 712
45 85 180
98 68 634
53 22 5436
66 71 526
25 59 6834
30 48 8602
55 10 3780
57 100 9612
31 46 9041
18 60 9082
32 10 8459
82 91 6193
66 40 7960
37 7 8090
93 23 7228
46 41 627
25 53 1331
8 56 2590
90 7 6905
53 17 5031
37 41 8972
100 53 1033
50 1 2171
90 36 2258
12 82 2806
94 18 5067
29 92 87
90 28 7888
7 6 683
88 38 8200
1 19 9330
65 92 5570
56 10 535
22 13 3706
27 9 1175
18 34 4300
7 48 3332
4 17 9690
38 60 9974
97 97 3487
94 19 3879
78 74 7162
53 28 2672
98 52 1188
16 46 2827
30 1 2726
29 6 5360
15 71 2265
40 8 8317
13 28 1884
70 56 7677
59 73 5408
2 73 5097
33 76 8856
11 2 6429
26 14 1749
94 71 4611
77 69 6788
47 61 6316
44 58 2335
26 78 520
98 29 3775
34 8 366
29 85 2266
53 92 6983
73 88 7788
79 81 3505
68 65 452
81 46 2010
34 52 8878
47 18 1255
87 13 9239
5 3 1545
19 73 658
58 28 4194
91 71 1509
56 6 9329
59 86 6509
41 2 3137
97 26 7641
24 99 2673
89 53 8215
64 21 395
92 92 1613
27 17 1974
36 64 9080
17 58 7786
47 58 2040
39 63 6856
38 65 1377
45 97 154
10 25 2346
52 27 6773
77 35 3133
90 70 3186
89 39 2633
70 35 3420
68 53 72
69 61 6162
77 59 6205
52 54 29
69 99 2191
17 91 573
82 52 7323
30 30 8719
37 63 6954
40 78 8457
40 84 9759
26 72 1618
17 35 711
28 87 5574
85 92 2108
94 31 5671
93 64 8201
33 94 3996
95 27 3432
1 17 8716
50 13 8960
77 86 7896
31 9 723
75 2 7213
36 68 2026
96 55 312
1 69 3927
60 31 3624
84 20 2393
26 9 7894
49 53 3846
65 2 1263
74 76 3829
94 42 2209
33 56 9440
58 23 1220
35 68 2581
29 39 5522
52 21 2467
99 23 8528
89 62 1210
54 54 9150
55 43 887
42 75 1141
63 2 5228
39 90 2327
90 20 825
84 32 7798
39 33 6232
68 72 7368
38 78 8536
18 60 35
46 7 9914
47 57 7521
36 70 1358
94 96 2569
83 48 1398
76 92 5456
21 87 6513
70 8 5321
15 72 764
50 78 930
52 96 745
89 23 72
15 34 5645
46 87 200
84 54 2083
84 80 8408
55 21 8232
14 11 5565
7 56 5367
95 7 8853
14 57 201
21 65 3751
70 46 3271
92 25 7715
61 73 5188
37 58 7692
99 60 3849
91 26 3222
25 5 8318
30 82 8728
83 96 4181
15 80 706
36 58 5820
66 95 364
64 78 7314
76 13 3492
80 47 6543
84 3 1881
37 87 3581
74 91 1713
70 4 5454
49 19 4446
96 99 2443
14 84 1390
100 73 7110
48 28 2478
9 90 9488
86 96 1088
57 84 5952
21 41 7574
40 95 8224
62 62 1254
36 79 177
96 22 766
50 12 9334
72 40 1219
12 55 1574
4 28 605
7 25 6579
99 96 864
71 66 2705
78 28 7314
23 13 5512
37 87 6642
100 98 1951
23 45 9233
93 37 9622
58 16 5304
46 83 9515
29 84 299
43 24 7573
37 88 5480
50 50 599
96 95 9698
79 95 4019
72 34 8746
56 19 1433
60 69 9643
50 91 9359
97 88 3285
9 32 2244
9 84 8596
19 71 4741
96 100 9274
36 66 4536
32 9 9721
19 71 2156
18 20 4366
19 11 6140
1 87 7410
59 30 4847
85 59 6092
47 42 6490
33 47 5088
9 78 24
66 2 5514
55 20 8810
21 38 7112
47 78 9122
66 62 7002
85 79 8451
10 72 3518
97 7 2208
1 19 2133
26 3 1727
78 19 8118
86 11 7593
50 84 9348
31 66 4062
72 15 8855
69 27 1750
83 84 7391
12 37 541
27 45 4785
24 19 7359
57 25 137
13 61 6151
49 79 8402
100 71 7170
43 43 5467
90 31 6492
6 75 1859
75 87 5989
47 55 721
79 36 4544
87 46 6105
59 55 8637
96 61 6131
88 70 2759
44 90 1625
32 37 2623
54 39 9573
26 35 2031
96 33 2603
48 55 1862
79 20 17
74 47 1294
28 93 3010
41 12 8485
94 8 9619
62 20 4828
69 9 9995
99 54 1839
94 24 5861
6 58 1203
99 86 5236
47 5 1717
89 72 5820
51 52 6742
62 19 8384
39 10 7695
61 96 5667
34 58 2703
47 88 5113
87 78 6078
79 88 8552
11 51 589
59 1 9908
15 23 784
57 8 132
55 89 5388
66 37 7804
26 48 132
64 95 447
12 23 9478
55 13 6872
76 9 6032
60 30 3075
39 91 9755
34 4 7854
51 58 3520
40 72 735
100 60 5805
78 28 9501
96 77 5458
81 24 6752
61 13 7054
36 86 917
59 93 3263
32 3 9211
90 95 5804
56 21 9498
14 97 2172
33 78 8942
30 32 1773
99 39 7434
70 77 2689
27 54 7064
73 41 583
5 93 1531
47 11 7624
23 66 1990
17 74 7987
65 4 2553
23 4 4233
62 70 3504
75 55 6098
86 52 6670
21 53 2101
38 42 8084
68 97 655
95 60 8003
30 76 1025
14 37 2017
89 70 2375
81 87 2070
11 48 2485
35 47 951
91 13 9541
63 78 7437
5 16 645
14 40 7949
87 26 1683
78 13 8138
62 95 5855
92 34 4867
94 9 7629
87 63 2031
50 28 2134
29 49 8490
51 93 9335
11 73 8101
89 31 4365
41 5 9009
1 43 7698
77 66 5720
25 8 5175
38 3 4609
67 51 7737
53 29 8901
86 22 1501
50 20 1883
45 91 5538
59 22 8983
40 27 5297
33 95 7537
22 9 8771
98 6 8958
58 2 8994
94 66 2179
43 54 2578
87 48 578
49 38 4016
19 100 6123
89 85 4961
13 28 3415
83 13 7426
8 52 3083
46 9 1129
50 80 3985
57 40 2229
16 56 5973
80 3 4965
26 25 9466
66 6 4104
30 67 1324
7 10 2433
83 20 3489
49 85 245
74 60 8842
93 39 788
21 96 5958
68 36 1857
41 44 9681
59 15 4572
59 69 964
86 2 4903
5 30 7814
78 79 1465
82 37 1374
79 24 7873
29 1 9755
2 92 4235
65 71 765
91 86 5031
59 98 4268
93 84 607
37 65 3769
5 46 5149
99 68 8829
75 40 7287
13 63 5782
36 88 9527
72 28 7410
21 75 3369
37 5 9266
69 80 2288
52 81 1903
4 73 5962
47 80 524
86 66 5467
41 99 2194
76 87 2187
86 5 1255
91 61 7608
26 70 6750
65 75 3156
43 1 3216
52 90 1611
30 90 5353
93 55 8544
81 73 5388
75 45 7128
88 16 296
86 44 5049
100 36 294
82 21 1315
67 40 2137
50 15 5829
65 65 360
15 32 5174
16 93 178
72 66 3584
48 39 4552
11 46 6548
76 73 7145
13 20 3754
26 42 2165
48 10 5021
78 47 2083
99 26 7283
16 84 2290
78 77 65
35 77 945
28 72 7718
11 77 2002
75 78 1082
96 97 6729
59 30 8084
38 39 3493
34 14 6997
29 78 9105
19 81 5874
78 41 7026
78 50 5425
63 51 4321
89 76 9716
49 25 4406
16 70 1994
33 96 4234
96 39 6682
41 99 3676
67 95 8775
54 17 801
34 12 4428
6 20 7597
81 83 82
62 31 8737
56 25 1410
9 63 1083
13 4 5223
48 44 3264
64 52 6790
19 88 2729
71 10 5840
8 41 9521
82 8 941
89 7 3661
68 54 2496
85 75 7786
70 99 3074
25 54 8649
3 31 302
80 35 1703
29 17 9861
90 37 6103
48 3 8243
14 93 4111
35 53 4324
48 1 7443
31 26 4934
38 95 438
23 90 4232
42 79 6925
3 8 6807
51 42 1667
91 56 5618
60 75 1327
60 73 5659
21 34 9427
30 79 2167
99 1 8268
73 49 6471
46 2 6909
80 59 4569
99 98 7659
94 26 9488
72 5 7096
85 84 8727
80 55 5490
14 35 8881
64 90 9226
97 24 7079
64 74 7414
45 29 573
57 89 7762
18 55 2994
60 98 3458
4 83 8951
45 72 5850
55 27 2960
80 84 3927
12 80 2271
91 65 3685
76 81 8389
44 85 2643
64 27 783
82 81 7648
45 35 8188
25 87 5093
38 20 7542
69 77 8438
8 51 6866
44 90 3152
28 18 7460
28 87 83
26 74 405
49 12 7534
19 81 7511
59 7 3758
42 1 5725
43 21 5000
48 81 693
81 15 3185
44 72 4907
30 44 1459
90 91 2826
86 100 6651
31 68 8305
37 90 6493
95 18 1571
68 66 3017
49 39 8337
49 79 248
51 89 9339
50 90 5056
50 97 6842
22 34 3319
86 87 1798
95 58 2607
36 78 1792
37 96 7351
16 60 1500
14 17 6979
77 13 7962
87 5 31
74 30 3703
94 16 986
22 55 5473
80 10 7452
98 98 2383
61 49 9884
43 93 5431
2 6 3495
71 41 5204
88 61 9095
52 63 9366
83 30 4328
79 37 8046
17 88 3114
98 98 6602
32 24 5327
66 21 1409
35 60 1925
17 23 5632
4 77 8512
24 8 5748
5 86 4847
29 60 3359
17 13 3535
64 9 8836
50 44 9848
34 3 8551
14 94 9501
10 59 2035
17 70 9937
82 13 5689
8 83 3154
34 54 4134
49 81 9577
88 13 6183
49 58 2683
59 66 8079
26 25 1225
66 42 1885
14 82 7766
43 7 343
13 54 7522
59 81 9119
64 51 6973
64 21 1488
29 68 4950
9 30 308
22 73 3872
87 52 5497
2 54 7253
68 37 1410
45 22 1621
14 95 7074
99 28 873
50 4 2252
100 10 6132
23 60 3233
11 85 1668
53 20 7513
86 94 2047
7 52 9621
100 52 1417
81 40 3589
85 38 3327
30 42 44
3 21 4184
49 84 4797
96 14 3141
41 73 4543
62 91 3822
39 98 9671
3 23 1167
84 54 3621
92 64 9101
84 94 831
29 44 522
8 88 4376
17 49 5336
68 57 6856
51 19 7064
90 86 9378
38 91 3746
77 27 242
51 46 961
50 67 3163
100 89 6327
36 68 8376
12 54 6671
84 25 6982
50 7 7035
41 27 1885
69 95 5669
81 5 9002
40 67 4738
60 88 5752
24 17 5152
72 93 5070
77 18 8736
64 61 4348
44 18 609
97 5 8760
66 69 1859
12 55 1148
20 7 8073
14 42 3207
1 72 4526
36 66 9790
17 3 2439
21 25 4974
7 71 2199
66 41 6991
26 9 3630
73 16 2020
13 60 6211
88 35 9783
55 66 2555
72 78 9833
99 1 1921
95 99 9901
89 72 2806
57 36 1658
47 47 3908
12 50 109
24 46 8455
78 51 3657
73 50 2437
87 27 2344
1 72 5947
5 91 7974
32 66 7225
66 62 956
29 28 9815
23 49 5377
56 69 7039
55 80 3061
22 49 8348
8 45 9620
88 38 5630
5 81 3748
49 39 364
89 10 4747
14 98 2684
15 60 4766
56 32 557
54 13 279
44 62 593
17 20 2920
1 54 8763
68 48 1635
14 56 4814
91 51 5537
34 65 7683
55 76 8422
86 21 9688
56 68 6479
99 22 365
91 85 8570
28 35 730
48 67 4078
57 24 2362
64 1 5403
34 70 9242
86 92 1509
41 62 4590
95 87 1618
77 1 1979
55 13 1626
92 66 5648
39 84 196
77 66 1540
10 52 153
96 49 4881
45 23 3894
42 26 3150
47 24 7552
12 75 5850
22 70 2292
52 39 2900
17 70 2238
52 64 7657
34 92 162
16 46 8614
5 51 2845
84 67 5468
45 73 4625
32 89 767
28 52 524
21 43 8767
56 3 4693
83 76 584
53 26 9441
63 28 3763
15 3 3589
93 82 4444
28 87 1519
13 51 1712
97 40 7908
66 67 1278
25 37 4675
51 44 190
11 34 1231
100 72 4216
11 41 2309
43 83 2910
65 45 9656
51 42 870
78 23 492
35 62 5774
53 23 7922
64 47 9203
76 28 1713
16 10 9181
46 27 7437
37 18 8914
9 3 4393
70 84 1355
61 45 7203
15 54 4672
21 68 5932
67 57 8437
57 71 4483
16 62 9416
30 94 3003
92 12 8848
84 60 9421
55 30 3623
64 100 657
100 16 4292
60 19 3406
81 64 8753
56 74 5048
15 41 2140
84 81 5838
94 83 3988
69 41 4287
26 15 1547
68 20 6936
29 100 636
17 52 4809
60 57 3153
87 59 8313
15 24 3943
84 64 2249
22 51 687
87 37 9756
97 54 4986
53 47 6060
29 91 1559
61 49 2676
12 2 1763
66 31 3319
28 93 6024
54 47 9131
57 40 1089
25 5 2642
48 40 9032
25 49 9370
14 53 2098
7 45 9364
68 95 1155
93 9 1544
72 19 1900
32 87 1664
99 17 3763
82 93 6712
5 4 1245
47 69 6016
92 33 5297
56 59 3214
52 74 919
52 10 5040
60 25 9067
28 83 5266
51 12 1623
3 33 9982
78 8 6935
58 33 2151
76 24 8085
83 3 7039
24 33 3320
2 31 8221
40 91 5233
27 21 229
49 70 1118
50 23 8565
28 20 1452
40 30 6783
66 13 2291
20 34 7796
97 69 3557
100 92 1168
97 19 227
52 21 8955
78 86 5734
53 12 6757
19 35 43
24 59 2741
87 51 1982
81 95 5424
77 16 7766
71 2 9170
88 41 9408
93 43 6265
70 1 2853
3 78 5699
55 5 2348
96 87 6903
39 47 1789
35 63 1159
75 97 8684
26 91 9835
88 25 7669
64 87 6133
53 94 1106
9 38 6669
49 88 2416
98 60 9753
8 4 33
62 49 4394
15 99 393
82 22 1411
8 76 4521
91 35 2061
56 29 9613
33 4 6542
98 79 6183
44 62 333
56 95 9757
92 79 9630
30 88 2253
76 49 6295
95 60 5508
38 95 4221
93 1 3006
38 34 1340
23 21 405
73 13 6119
82 1 9053
100 30 237
14 26 4825
38 41 2051
20 36 934
62 11 262
16 51 1128
27 89 1060
17 62 8237
14 6 4040
5 76 6023
22 81 7328
33 61 8343
100 82 523
62 4 5057
46 73 2048
58 47 1574
37 60 499
25 59 2057
48 1 6713
54 75 8392
8 19 5713
22 33 2703
92 68 8202
4 87 3714
3 50 7644
75 81 2481
21 7 2054
52 17 5066
38 39 1969
87 94 5877
23 71 6451
66 49 7507
81 95 4136
91 21 1956
66 8 6067
96 31 972
28 67 9145
5 99 4008
62 64 2771
34 93 1083
88 42 670
4 5 5449
66 12 5730
30 83 7110
45 57 761
40 38 7333
82 60 9426
1 33 2435
89 73 793
99 64 7711
16 57 5077
25 14 6721
10 44 5064
64 54 2475
61 27 9937
84 31 854
74 9 5417
100 83 8983
68 49 9558
67 47 923
30 90 7631
61 99 1675
66 17 3441
14 72 6309
49 100 6912
4 59 2036
65 11 1488
76 36 6918
75 8 8923
83 94 7645
70 16 3385
18 89 4163
75 16 1815
84 75 4384
77 70 5365
17 58 743
45 42 1246
49 80 2061
16 75 2850
28 68 6585
7 44 8024
59 12 8600
39 80 4281
79 28 7513
96 33 2796
91 69 5383
30 35 364
49 18 6529
2 96 6948
27 23 8252
66 23 7891
36 45 2362
69 27 3888
10 80 4001
13 98 1720
2 76 9660
48 90 3805
12 24 8562
21 55 9793
58 96 7803
80 48 7046
9 95 7168
48 70 5678
20 40 366
22 93 7963
62 35 2851
53 49 2611
37 70 5634
32 81 8656
52 78 4031
41 21 2279
39 90 175
19 28 361
96 100 4154
27 81 173
44 76 793
32 31 4931
47 54 9837
93 93 1202
57 86 8122
38 34 2038
39 9 938
53 33 9719
13 56 4846
99 94 6842
97 90 77
35 79 8273
86 39 1824
89 1 6982
81 16 9671
35 19 3967
100 87 1875
1 52 7040
12 67 3191
81 98 9242
100 40 2644
81 61 8225
8 20 3817
100 33 3651
22 30 7390
59 22 1288
45 53 7364
5 87 4489
42 57 3886
58 5 3969
23 35 1215
69 64 2873
36 52 3033
74 48 9734
75 93 4196
68 76 987
39 24 1386
66 7 4647
90 71 2328
39 84 906
8 56 1360
48 79 373
19 16 5385
27 72 738
26 22 5432
56 94 1077
28 92 5369
19 41 1264
44 81 4904
20 53 2978
47 77 123
60 51 7094
90 61 6780
8 29 1410
74 86 2124
71 74 2334
60 11 8068
33 89 6910
25 24 7204
56 76 6912
18 31 3997
23 15 6411
63 17 4029
65 7 1238
99 2 991
60 6 4317
47 71 6147
8 81 8911
63 59 7672
78 87 8430
92 91 6814
49 76 4354
23 16 8568
69 43 9979
4 46 1964
86 4 3574
91 61 3181
69 83 2112
88 59 1378
29 93 9374
64 74 799
37 57 2244
39 93 628
28 66 9065
98 61 4158
92 67 486
59 42 5555
94 90 9546
99 81 8939
46 47 2137
20 52 6951
1 9 2101
21 89 2389
87 18 4942
93 99 8718
62 43 91
29 75 4038
84 35 9104
4 76 1636
53 52 983
41 69 5629
31 38 3973
70 72 4500
86 12 6169
84 2 9581
93 52 3395
78 41 7342
32 52 1890
55 8 3366
17 78 5808
42 45 9753
32 48 5792
18 25 5459
70 50 2766
11 23 3931
92 30 5644
40 66 8996
96 69 3653
44 50 8230
81 68 4913
76 36 7724
11 66 9667
21 95 1030
9 86 4959
80 18 8238
89 34 6513
69 84 1577
82 15 8529
18 43 1828
94 69 2295
54 98 4862
11 80 6634
25 72 2273
24 48 6018
28 35 7362
64 57 3958
74 72 2264
12 83 4436
36 63 71
17 75 3152
67 18 1580
91 73 4812
89 98 2725
9 10 8447
92 91 3993
61 19 8551
20 44 7510
57 40 6902
4 90 8339
16 81 503
29 93 7213
47 54 4027
53 100 6895
27 59 7202
89 87 2119
45 90 5511
67 20 1855
41 39 6701
30 28 774
95 57 1614
11 73 4930
20 19 5401
32 67 6585
14 10 2113
39 34 7451
86 29 1774
57 55 2016
9 78 2370
33 47 2624
67 17 2999
68 15 5263
48 50 9943
20 69 4550
87 94 5934
42 51 2704
17 46 2306
61 52 732
2 59 8616
17 67 7103
19 16 3567
18 15 2070
85 13 4787
93 36 4208
26 65 9519
15 24 9835
11 79 5759
16 28 2228
31 21 6131
23 69 3617
55 1 6314
64 43 1884
46 37 1452
78 99 8663
16 68 6016
43 46 285
89 29 4323
19 96 1075
87 17 7073
26 60 9718
23 72 948
56 79 6958
53 44 6756
67 94 3518
35 64 7199
8 39 1837
5 20 1212
64 27 8433
57 61 8305
57 20 9218
71 12 826
23 40 9468
70 21 3183
54 10 2898
41 28 5491
96 5 2791
60 80 7221
71 90 1912
33 53 2434
57 88 6083
23 61 9853
34 90 6731
16 44 3088
8 62 5125
27 92 579
49 43 4796
89 74 6738
22 36 8770
93 46 2520
37 13 1426
66 4 5747
58 98 1900
88 34 4580
1 44 2473
18 62 6691
88 10 6460
76 26 513
37 25 7529
46 50 1311
32 31 1600
44 54 6117
4 67 3907
34 53 3587
58 20 7927
98 35 6719
88 82 1906
59 82 2989
87 71 6715
70 79 4469
55 4 4944
55 80 4866
68 9 2206
3 39 6525
58 15 7238
11 85 6150
14 33 3656
73 22 5801
74 90 8776
96 36 6247
38 39 336
47 80 8312
74 20 9616
96 75 3019
86 38 7402
64 97 5818
79 81 5594
31 74 4331
52 70 9505
68 56 2292
85 99 9617
82 82 6591
10 58 8533
69 58 9684
82 92 6776
78 34 5851
37 90 1286
50 23 1958
5 21 236
12 18 7354
22 62 4370
19 76 7336
25 3 5496
20 70 1241
6 67 140
45 38 9417
25 24 9545
29 94 4326
86 58 6973
66 90 5432
63 24 804
84 58 9305
59 65 4304
24 72 3964
16 56 4052
91 36 8275
30 67 4168
89 53 4255
58 92 4729
79 91 7286
82 18 9093
35 93 5600
38 44 6158
19 31 7108
69 20 200
35 73 8921
95 93 3481
40 83 9884
13 46 2147
4 97 7340
63 93 9096
82 42 2818
80 27 1557
21 13 3397
27 86 8283
93 70 285
23 76 3220
55 47 8619
77 72 2589
28 69 8902
6 95 7516
32 97 984
14 53 4759
49 88 8447
16 90 9320
3 74 1323
29 15 4279
30 53 3361
89 57 319
46 29 5450
66 3 1965
70 35 938
31 39 9920
60 53 5854
90 26 5271
3 41 7078
37 17 4977
23 94 2473
39 24 8893
79 96 8492
65 48 4133
30 84 890
96 75 8064
84 13 6076
18 33 8716
62 34 1732
35 79 5535
57 35 9575
6 18 272
99 17 2106
93 28 6442
6 28 2559
73 55 9597
40 38 1007
53 12 9274
11 78 3984
41 25 1217
83 21 7357
47 59 7137
97 80 7054
79 5 8613
62 86 9236
88 71 1375
97 29 3984
51 48 7707
93 9 6357
7 83 3445
81 76 412
56 2 8648
61 53 494
66 70 9869
39 17 565
10 93 6356
29 93 1287
74 91 9545
71 15 7985
76 33 928
43 48 7389
44 68 396
16 31 1695
40 48 1143
1 70 5743
61 5 1239
63 17 4905
37 98 2169
6 78 7255
27 3 3893
43 56 613
99 22 7924
63 97 4155
80 68 7833
49 31 9522
34 90 9220
42 15 5876
62 83 3478
42 9 1200
93 2 1964
72 9 7229
64 100 9999
6 60 7952
80 82 6102
85 11 7407
53 42 4176
20 26 2765
28 52 7256
60 52 6795
47 41 6013
66 89 794
77 65 679
8 94 4153
5 71 3531
95 93 5309
76 87 5009
55 82 4977
8 93 5484
65 70 5243
63 77 7126
90 44 8519
39 52 143
100 90 2502
18 65 87
100 3 4460
78 100 1639
73 76 6164
31 44 6946
70 5 5442
21 17 779
4 47 5137
41 23 461
2 88 2014
9 41 1550
60 5 4696
49 82 5169
79 64 8068
98 18 7103
71 11 7836
30 94 7993
81 100 3567
1 69 5540
25 1 7517
93 27 7867
13 50 80
32 30 6515
68 33 2392
63 62 3766
76 78 3144
4 28 2210
86 49 9807
94 91 5469
63 29 4024
55 12 8769
95 25 5435
61 79 452
14 55 5064
35 22 9428
65 9 6542
69 88 1241
42 47 1206
22 15 6693
4 59 4429
76 41 1988
79 27 3841
30 82 3081
5 84 5340
16 80 5554
34 71 1606
94 32 4850
63 37 9068
28 26 9055
6 61 106
98 34 4566
80 40 4258
77 62 1491
26 49 9192
92 49 2910
70 3 5466
16 69 334
7 98 5933
56 92 2817
1 33 8987
94 97 8375
42 29 2801
26 66 6962
22 71 203
57 55 8945
53 84 3416
46 77 4904
21 81 1606
57 29 4495
97 30 713
43 47 2157
16 65 2714
82 51 1899
31 90 957
59 6 5177
33 23 4278
84 10 9906
91 25 1420
90 13 2832
88 2 7523
99 92 6418
16 8 36
73 69 1290
28 54 5123
1 71 9030
26 33 7019
41 30 9953
78 95 7593
16 72 4193
89 97 4150
84 43 4304
55 29 8408
9 69 8890
55 99 7082
28 96 3899
4 89 3680
30 89 7592
92 35 2083
18 26 4602
74 100 309
58 91 5438
20 74 242
22 75 9018
63 97 5249
38 54 5497
9 24 9499
96 14 1254
7 75 4525
6 56 4439
66 49 1342
88 21 1217
23 88 3115
87 40 7082
19 29 2102
70 22 584
36 12 2839
80 5 1534
70 6 7824
63 67 2407
34 41 2382
11 8 312
58 80 6494
8 50 3736
63 3 9550
96 5 7472
6 32 604
29 36 2435
6 76 8816
7 77 1136
4 8 8753
33 37 7891
96 33 7459
82 23 2973
8 98 9273
53 59 3877
61 91 2298
89 89 181
98 25 7954
89 15 9255
59 17 7096
50 56 3851
55 68 2245
54 76 3855
31 41 9066
31 87 1839
47 27 167
72 17 1849
76 8 5365
51 72 226
27 36 7376
30 18 405
57 82 5057
12 48 217
42 35 4010
97 30 1009
41 42 9125
66 17 4751
15 83 3069
53 23 7411
54 2 804
44 92 3648
54 78 3466
10 90 6970
89 70 3095
85 88 6180
66 22 4327
54 85 7014
43 24 7437
83 60 6073
38 39 7162
86 94 3797
25 79 4400
67 36 9172
30 6 8200
6 94 1039
28 91 841
8 84 6970
64 23 5983
69 90 85
57 27 2054
29 29 9274
74 89 177
74 65 9910
23 32 3081
64 68 5389
64 60 100
17 40 7154
45 26 772
9 7 3233
42 9 1223
84 53 115
91 13 3684
66 70 1922
68 5 8615
9 76 2408
99 58 4187
45 38 475
17 96 659
35 3 7924
92 78 321
27 12 2620
5 55 8619
15 18 4023
46 23 3005
54 8 4380
74 82 3087
90 14 5052
51 32 5519
21 92 8081
61 16 5350
60 88 3123
22 14 9186
47 23 3646
74 36 6701
48 21 6720
29 80 10000
10 77 2173
13 78 3283
85 87 2195
100 55 9525
33 97 61
26 97 7778
95 82 1050
13 27 2039
29 17 9309
34 34 15
66 32 4836
37 33 9093
15 13 4218
24 37 9493
94 23 8088
49 82 1152
33 56 9222
95 87 638
9 98 4678
97 27 4711
26 66 8090
53 85 8451
73 45 7388
91 74 726
11 65 3502
91 59 3029
18 4 4396
51 68 2736
52 18 2326
62 7 4460
30 93 9691
90 87 9900
59 58 2399
34 87 5503
85 85 5597
97 25 5646
59 94 2554
56 100 1413
12 62 9936
36 6 6535
20 15 7417
70 89 7531
57 75 4951
52 60 8638
69 38 3177
26 28 6325
22 47 2665
4 33 7904
42 76 4607
72 91 4954
38 21 6105
22 65 9941
80 64 8022
5 66 5643
79 83 3223
56 96 1860
14 69 8119
34 51 5059
53 42 167
29 44 8378
9 98 2330
49 35 4165
21 51 5824
42 23 2950
86 96 620
69 4 9985
46 32 8584
37 53 8024
27 59 9906
92 37 7848
92 72 174
97 49 5610
92 7 8878
54 77 1681
99 27 4585
62 21 574
95 24 2224
12 83 2620
99 44 6032
71 37 7402
62 24 5759
55 43 2887
52 88 1481
5 64 4353
64 5 7607
83 78 9215
60 24 2486
75 17 402
33 4 2310
34 74 3673
54 50 9533
43 92 3174
62 36 1922
32 83 8032
50 57 9639
38 98 7094
32 9 6253
86 92 3376
66 62 747
83 77 779
88 39 8716
42 93 3235
80 22 5452
52 96 8249
32 14 7348
60 23 876
46 28 97
57 29 4045
97 36 9175
14 14 4113
97 73 7316
14 76 4245
32 57 686
97 62 8110
5 75 1278
63 11 4993
37 14 9383
18 4 5223
20 88 6016
31 67 8376
5 68 5777
59 57 7917
13 56 4421
81 15 6653
6 23 5702
79 15 2549
31 4 3799
21 62 6355
1 23 1433
55 99 4676
23 28 4511
7 98 6654
15 66 224
94 84 6303
10 46 2066
75 31 9516
25 54 275
86 62 7569
99 28 8984
29 48 658
57 57 3718
8 2 9741
12 24 3790
51 4 9115
57 66 1188
78 88 4950
59 74 7103
20 84 8606
43 98 3293
84 29 1228
23 94 9407
92 13 1118
97 71 946
8 82 4729
99 95 2360
40 77 9735
18 4 5678
6 93 4637
6 12 1257
51 41 2535
100 65 6551
98 23 774
31 57 5132
81 5 6394
23 96 8614
11 61 675
8 9 6598
28 74 5019
55 85 596
97 19 410
26 85 6037
36 71 1719
82 27 181
14 91 2711
28 47 7478
52 15 7698
44 80 4553
70 42 7319
48 85 3396
30 50 8863
43 57 9457
35 100 757
25 20 4696
14 67 44
73 52 6800
42 77 3397
86 53 942
78 30 5804
89 41 6803
40 11 1023
73 61 3108
45 66 3512
98 64 4097
37 6 2605
12 91 697
50 76 9368
81 2 4406
34 37 2551
56 70 2083
94 89 3677
37 35 573
48 94 7630
76 73 4417
12 12 2690
86 34 3069
67 24 7735
57 87 2387
76 44 4532
94 29 1862
9 28 7018
18 19 4663
91 69 3598
77 39 7099
68 66 1611
70 4 3141
6 9 6041
3 24 7810
81 85 1095
91 56 3358
98 50 2404
64 52 7595
87 61 1635
86 26 5201
34 77 7711
98 55 3742
22 12 65
65 80 7662
25 84 1870
5 43 1064
20 59 8564
96 51 2463
42 12 4955
51 99 2423
61 74 2581
99 42 115
25 77 428
34 91 8756
9 45 9957
31 20 669
100 3 4695
43 83 5217
90 61 966
52 1 8237
98 21 3106
4 81 8388
27 39 7557
94 83 2446
95 31 7150
49 2 2242
9 35 121
71 45 8400
1 73 9542
30 9 5055
61 36 5137
92 81 9831
6 17 4100
69 38 22
29 82 9867
58 53 7012
54 22 5429
26 64 1157
98 8 9617
59 66 9202
90 55 1629
82 9 7691
46 28 8200
57 84 9188
77 28 7021
9 93 3796
30 96 7098
42 78 9230
55 40 3811
26 46 515
74 46 8435
6 67 9825
20 46 4610
97 38 4594
100 98 3867
89 52 6763
30 97 6419
7 2 2151
70 34 2355
20 68 2158
61 55 3083
28 34 2520
27 27 7234
26 56 5743
70 12 7727
78 90 4657
32 7 3842
70 54 867
58 41 196
92 100 195
79 96 8118
65 92 7446
16 70 2555
74 69 6175
80 3 846
49 9 3292
10 19 8716
75 24 9379
31 82 4541
39 57 6955
57 79 3586
76 92 6373
77 98 3817
79 29 2425
59 8 3959
75 87 7166
51 88 7317
8 1 7763
78 48 4672
74 80 7849
35 7 331
80 88 1853
85 80 9659
46 37 6269
21 60 4062
18 44 897
84 85 4183
58 49 8695
98 65 6174
87 99 1410
92 16 6021
1 35 5563
18 30 9675
61 1 4320
48 13 6061
38 52 8701
67 99 9231
50 68 9682
100 61 1459
78 21 8571
55 78 7479
60 84 3647
43 52 730
92 67 733
83 14 6625
77 79 7405
25 96 7769
79 90 4961
91 84 7884
89 84 5262
59 58 7117
78 93 7904
6 30 6171
26 15 9240
17 52 1758
55 14 4453
62 52 1563
83 37 5236
63 8 9606
8 98 4208
18 9 4471
68 52 6426
48 49 2446
94 73 2054
14 90 4169
49 93 635
97 52 395
87 1 7115
3 66 1652
10 88 2910
61 53 2584
80 39 4610
60 22 1534
2 76 1088
35 99 3573
6 83 7029
32 77 1491
47 20 8966
26 20 5743
29 61 5937
77 31 9815
97 46 3829
49 84 8433
46 36 4676
77 54 2651
78 95 7205
42 3 7100
7 15 2634
80 61 3347
97 14 5153
4 22 3442
25 50 1524
53 13 390
13 24 3762
86 95 5944
38 43 1866
12 49 215
24 27 9180
31 28 508
29 92 1523
47 98 4291
16 10 8666
11 89 1892
57 22 5378
48 50 2140
86 81 3046
79 64 5449
16 90 5252
64 84 5397
9 66 1372
41 81 5587
24 72 999
41 36 1630
57 99 1712
73 19 2150
70 70 4318
73 88 6593
27 29 1468
43 86 4796
40 10 8243
81 75 2829
92 89 3487
97 41 5684
41 91 4763
19 65 6242
63 32 9635
39 2 7147
38 88 6304
100 15 7934
2 29 1966
38 19 201
7 9 1356
89 43 1223
100 22 7163
33 20 6111
70 99 6162
64 67 2393
55 43 1434
3 67 5775
84 78 881
74 47 5985
56 11 4486
22 40 6395
16 41 5692
27 72 9514
12 43 1910
14 29 2338
44 98 8468
78 51 3783
43 57 5046
9 79 6423
67 54 1655
82 10 9394
92 68 2295
13 58 5172
15 44 765
96 1 2228
64 44 4788
75 74 6383
89 40 2385
14 95 6181
91 13 1911
59 83 9354
29 37 3229
75 30 8869
98 52 2524
20 82 6128
95 52 6890
100 41 7963
44 30 1220
90 36 1742
70 67 422
91 25 7710
90 24 1005
53 79 9728
75 10 7431
27 79 2226
33 78 8336
68 24 9150
22 88 2559
71 44 4052
65 30 2091
62 84 7717
59 24 5120
83 20 1160
41 52 2848
76 37 2985
44 65 1235
91 8 2594
5 68 3870
64 39 8139
97 84 6228
97 62 9780
92 60 2223
85 10 2855
100 64 8624
50 67 3239
54 75 3395
63 7 2529
87 84 2130
24 39 2188
79 41 9979
8 40 3856
3 51 6938
71 31 5684
52 21 1992
91 8 5770
46 43 1039
40 28 1726
82 95 2421
92 18 513
96 48 280
62 54 5121
41 82 1282
32 91 8574
62 79 8293
23 88 4985
48 37 5635
35 15 9053
19 51 5059
73 18 5014
82 60 8825
80 85 9368
54 22 1360
75 51 5059
91 10 4255
64 42 1672
96 48 1740
54 81 3764
20 13 9560
90 51 56
54 48 3858
84 94 8211
43 69 5576
45 85 1467
43 28 1749
62 56 7372
26 61 3040
95 21 9937
96 18 4286
80 23 5942
42 51 974
25 69 2133
19 19 4645
85 14 2596
27 19 5204
15 54 4122
40 3 5470
24 96 4765
3 78 359
53 38 3846
1 33 455
7 16 2280
100 83 7196
2 88 8415
65 49 8719
14 67 5387
69 98 4111
29 18 4548
84 83 569
50 48 9461
88 28 2564
1 90 5918
54 22 8690
39 73 2377
75 3 9554
46 89 1704
13 61 1663
75 77 5357
37 85 876
93 44 9036
38 37 1275
37 2 2611
88 26 6626
91 72 4096
46 16 5855
37 7 8904
52 30 968
45 43 880
74 64 5587
48 61 4827
27 97 406
82 92 1149
81 43 3893
83 70 6767
33 19 9360
74 80 3317
18 38 3880
63 14 1795
30 54 4342
98 21 1844
37 100 1359
4 58 4464
26 65 3391
65 28 8715
88 65 3418
58 41 2533
41 24 2674
38 74 6703
5 23 48
84 81 4575
11 10 2293
85 20 5109
35 87 6286
48 30 7133
54 100 1850
70 98 1499
98 19 8975
78 66 9890
18 79 6823
92 92 9530
28 83 7756
72 94 3771
97 72 1141
95 71 2522
16 54 5639
21 59 8739
66 86 8524
17 21 1813
16 91 9827
78 23 2355
71 36 3949
78 45 6160
90 68 4150
2 16 8031
6 43 2016
21 58 9511
11 26 6706
57 25 5263
28 11 4911
1 70 2984
45 16 1296
55 77 619
58 94 4147
72 52 6050
97 77 8239
56 10 7482
95 77 4942
95 25 7214
59 49 9020
27 71 988
38 10 5544
63 88 8750
77 35 2962
84 43 8933
43 12 7150
83 41 1141
62 5 8675
39 48 812
24 53 3497
14 92 5798
80 87 4184
94 62 3876
74 97 1147
26 21 8944
44 21 2774
97 81 1770
8 96 9552
42 62 761
25 7 1858
28 58 1424
48 71 2690
72 47 2075
50 51 823
17 85 5896
84 77 1661
26 2 7756
52 98 3462
91 8 2068
27 56 6805
86 40 2961
80 93 333
2 85 2749
28 10 1044
3 43 309
17 81 2363
48 22 9154
59 21 2233
22 44 9653
6 40 8083
75 48 723
74 63 382
90 99 4095
77 67 9215
29 65 4669
17 17 8905
24 53 9420
35 1 3784
1 19 712
57 34 9942
74 49 7387
82 94 2355
11 32 5070
37 67 4419
38 19 6047
11 5 2302
62 76 3470
47 45 5659
53 21 7515
78 30 5691
87 88 8034
86 34 1399
13 67 3772
46 11 2748
9 53 3613
81 80 67
55 93 9510
22 67 6224
76 5 9241
91 95 1101
13 30 2323
36 8 1662
39 24 6862
87 10 9188
3 3 5225
92 50 4592
5 29 6246
31 40 8335
67 89 123
94 20 290
53 54 1169
11 47 7195
31 84 1235
15 95 3547
53 42 4531
87 32 9417
71 5 8589
14 28 427
73 70 8758
38 92 4263
99 49 9542
96 73 534
93 83 2333
100 100 8062
34 6 9686
36 63 7120
89 2 1605
95 32 3884
3 66 1979
17 95 7754
87 4 5506
13 61 5987
39 86 1191
6 56 1004
93 51 1672
77 92 4451
51 29 1868
25 16 7395
27 85 4392
7 1 5300
76 81 6903
17 89 6429
91 19 8413
76 65 918
65 21 2778
40 4 3731
15 13 6871
51 54 4524
35 29 5629
11 71 919
32 69 2295
88 28 3958
79 54 7751
16 48 3775
33 21 9579
58 71 879
96 65 2360
67 82 8097
6 77 2636
44 86 440
99 10 1338
45 53 2031
50 60 8533
52 9 2803
68 76 4377
33 4 8725
97 90 1014
31 58 6306
66 83 3632
55 25 6576
11 94 6394
27 1 2112
54 25 6150
73 24 4594
9 34 8997
26 37 6320
62 74 3256
56 67 7540
38 4 5121
35 17 261
43 59 9175
87 54 8827
45 22 9737
75 35 8531
10 24 212
62 94 3070
15 33 4198
98 30 8693
27 24 2922
19 36 1351
56 37 506
6 78 9438
100 37 8141
92 79 1545
9 48 9339
95 49 9444
60 36 7777
68 76 8464
9 17 3106
45 96 489
82 3 2589
14 94 4032
49 55 5508
62 33 3068
93 21 337
22 77 967
68 30 128
15 82 1441
80 46 2532
76 52 9780
3 72 9353
4 36 9132
94 34 1779
58 70 3613
17 100 1861
46 46 132
10 39 4694
6 36 3483
51 11 1046
57 80 2950
48 40 9652
71 27 810
94 55 3064
39 52 1719
65 43 1562
98 67 6190
20 41 3212
52 30 7486
24 46 3367
61 65 4888
80 87 1283
18 10 5569
5 80 4970
51 26 761
80 90 6495
8 51 6144
37 78 2479
59 41 9990
20 24 9670
30 38 1616
78 64 7400
63 45 5437
41 40 71
14 85 1785
77 72 2072
7 78 2375
44 13 1793
57 32 6513
73 4 8661
99 20 7487
4 17 2017
92 92 922
62 7 3070
99 65 1426
70 55 4349
70 31 954
55 84 1545
16 65 504
50 79 2478
26 20 490
91 90 898
60 98 914
17 8 5698
96 48 2946
78 30 8401
58 9 5172
54 95 2849
16 71 8531
83 78 602
13 71 7125
13 47 2303
6 15 549
89 14 7114
62 52 8598
91 97 7588
14 66 1922
31 93 9231
83 10 2159
85 29 7784
4 83 2723
91 13 969
45 44 2192
11 77 7745
17 31 5258
94 94 7007
16 93 4711
30 44 753
98 52 8112
100 9 1124
18 3 893
13 65 4363
73 54 8464
10 60 8971
46 76 6023
65 70 5462
94 33 4083
78 92 8504
14 20 3082
97 95 9573
32 7 6638
82 46 7112
44 31 4398
91 12 5060
81 6 313
44 3 9555
100 33 3526
36 63 5415
70 76 4162
80 27 2976
65 99 6575
62 93 3199
91 61 2178
59 19 7401
33 96 9352
56 47 2062
6 53 590
18 82 8608
30 91 4897
47 43 5485
37 27 2529
70 52 1329
87 35 3943
31 4 5898
77 62 631
84 56 8426
67 34 5183
56 74 3735
37 38 1581
88 100 9528
80 18 7713
50 82 7632
56 61 8856
38 79 9427
43 85 6551
21 50 8397
70 11 4740
79 31 603
22 66 1895
41 57 5800
12 75 6799
40 43 3571
66 16 4718
21 69 2064
94 43 8357
45 99 8974
27 10 893
35 52 8606
85 14 6301
68 17 8330
16 44 2776
88 87 5175
2 48 9140
37 10 1818
24 100 3645
73 99 5620
10 30 8200
69 50 4487
66 76 7154
86 79 1565
87 43 2568
24 73 5416
64 87 4163
28 75 2268
46 70 4490
8 79 2736
66 38 4890
72 38 2352
57 78 1566
35 22 4761
52 85 1712
14 99 2496
59 14 8418
8 85 128
65 33 2243
75 32 2450
65 49 341
85 83 8096
46 80 617
20 47 1451
44 94 2688
92 93 9938
83 3 7397
19 65 6042
17 83 177
8 100 245
80 91 8631
19 83 2495
36 11 522
73 27 1849
23 78 1720
46 83 2353
17 40 5307
75 23 2578
57 60 7703
97 67 7456
83 62 364
35 28 6618
74 26 1742
36 4 4855
38 66 8589
54 88 6231
65 73 9465
39 7 3526
50 79 2978
71 6 3998
39 94 5832
28 78 3085
65 79 7273
84 65 1335
87 17 9731
62 22 8941
26 68 2030
92 8 4979
34 93 8830
62 76 4955
14 47 6241
26 32 7355
52 19 2173
29 24 2533
75 17 7238
61 37 9594
48 17 4154
89 38 154
39 37 5358
31 54 3276
99 92 5476
27 78 3140
7 61 1445
47 77 2888
19 55 2155
69 55 649
49 45 908
15 1 8907
81 39 746
79 62 114
55 44 4727
1 28 919
64 12 7652
80 49 7818
56 76 6666
85 23 7723
33 54 4082
91 62 8154
98 9 288
94 36 8308
10 72 940
39 73 5604
97 65 764
6 40 1891
56 84 2183
2 89 7710
40 56 1668
80 77 1808
14 8 1822
96 45 8609
42 45 9418
86 90 7775
79 91 2036
3 26 769
82 51 222
97 17 2209
24 39 3273
54 20 671
98 61 289
67 89 846
78 38 8555
80 83 7756
61 46 6059
91 52 8865
15 70 3663
59 71 5616
47 62 8863
100 99 3220
81 38 9696
81 21 7676
54 49 8173
6 56 860
15 38 5848
60 87 2332
46 10 7241
65 79 9527
55 35 3981
24 74 4273
65 95 811
98 52 356
100 35 2046
40 88 9244
16 29 8711
4 51 7731
37 18 9342
58 66 6062
61 79 5630
52 86 7487
10 25 496
37 2 9903
1 75 7492
28 72 7032
5 82 532
60 48 5149
52 21 6884
16 19 1893
1 21 3617
52 48 5032
87 35 1505
77 19 713
42 41 4468
49 51 4826
41 16 2846
90 55 4116
84 55 6696
69 67 1835
82 59 4769
57 64 4557
61 78 3063
17 45 1670
44 67 1956
4 36 4254
76 87 1472
60 62 405
30 61 2828
52 78 1728
24 20 3994
97 80 5172
22 55 285
100 23 6008
28 30 1944
56 94 3987
14 59 7183
21 58 4913
69 71 1725
16 5 797
96 93 794
44 39 7371
93 52 5522
12 5 2504
26 76 6136
69 73 4483
13 88 934
94 3 2893
67 98 683
96 63 7332
54 25 7654
4 45 5930
31 11 5276
6 1 9278
35 39 4029
54 31 6389
59 60 4998
73 15 9222
50 19 9470
87 84 9396
93 89 4194
34 1 3582
45 29 10000
7 21 4057
35 13 8789
85 8 7300
63 40 5065
80 99 915
38 92 4087
70 84 560
88 54 1822
60 67 866
89 53 7830
60 38 3210
64 23 5643
51 13 5130
30 5 6059
64 36 6810
70 54 1806
58 58 9436
28 78 1739
91 47 8612
24 22 6681
63 32 1552
94 1 9057
2 17 4610
21 94 1655
82 95 8119
83 98 2889
33 12 9827
59 59 1967
12 49 4799
20 9 833
54 9 196
83 65 3240
18 36 1879
90 49 4956
36 65 2509
67 81 8331
37 74 9333
75 72 2999
36 36 2511
62 2 688
44 46 1334
19 19 15
67 7 7868
85 30 6802
41 93 1285
33 57 5714
52 76 5830
72 71 1668
59 68 751
80 69 8054
100 83 1067
94 53 7224
72 25 7990
80 44 936
11 100 1169
78 74 2590
63 62 8051
85 25 6727
65 26 3950
75 4 5915
92 2 5856
66 29 8064
57 51 2011
7 5 2538
8 73 2070
73 93 9050
68 58 5018
87 45 8471
51 87 1940
70 69 7076
18 100 8996
76 7 4521
3 17 1376
94 1 8590
21 82 3111
93 70 80
54 49 8306
45 14 9607
63 17 2143
28 87 8048
30 44 1870
99 44 3654
61 87 9427
66 63 9293
85 35 9650
71 37 6874
64 26 2034
15 63 6424
67 95 8881
16 53 5126
36 63 15
65 20 6521
8 70 4158
97 32 9575
22 93 9787
33 72 5822
27 14 8492
54 64 552
82 87 7058
39 63 467
73 57 4853
44 32 9545
84 78 9640
98 46 8002
46 56 7208
82 72 8475
3 74 6788
23 78 4813
49 64 344
17 62 607
92 75 8812
61 39 4810
47 66 6562
57 36 3472
5 51 658
2 35 1151
87 87 1598
24 84 127
66 63 6143
87 65 1855
11 52 2042
23 17 4846
34 70 9758
34 78 19
37 30 1954
48 15 1887
97 1 5052
92 47 1196
44 5 4819
67 9 5390
33 100 1406
4 99 3096
20 84 3778
24 57 9228
3 36 3763
39 82 2148
97 73 5479
7 36 9341
8 65 4523
76 58 6898
87 7 3903
73 38 8885
8 58 4758
12 50 8762
30 84 2866
79 76 4431
45 39 577
98 85 9318
85 92 5714
36 37 5086
51 35 3198
35 37 7753
91 21 7700
76 86 168
31 67 2691
13 15 9200
86 74 8307
63 86 7120
3 90 7958
64 60 8636
66 22 3458
99 73 4243
61 13 4150
30 57 8927
97 53 5073
9 51 549
50 24 380
32 31 917
56 41 9876
18 88 1773
20 14 2483
88 87 7717
20 93 6144
77 22 207
81 94 6901
36 28 8585
79 3 2023
47 55 5433
51 24 2776
19 34 6874
89 7 1764
78 91 672
34 90 1528
15 54 7632
79 95 7530
2 84 9052
56 14 9942
3 9 9576
21 9 2937
30 97 1921
27 35 3888
46 1 8295
83 78 18
62 60 1472
62 18 9154
92 10 8782
41 96 1917
41 64 2461
1 88 9901
88 30 4607
67 67 7288
21 85 3874
43 17 8454
22 72 2448
28 23 6578
68 74 3173
86 39 785
38 38 3133
37 69 2311
70 24 9062
74 48 6927
25 40 5155
65 72 4638
61 52 6940
56 36 3621
62 80 6874
59 30 1937
53 67 5905
88 15 2110
4 39 451
4 59 5149
40 11 6843
93 38 6851
86 6 2195
61 81 1610
60 38 7884
49 48 9129
71 33 1743
19 29 5371
3 26 7820
37 63 5196
4 2 9225
54 89 1641
77 16 4661
66 82 9690
11 97 7289
23 77 2605
28 93 4752
96 38 4418
69 59 3136
93 26 2444
81 32 7119
90 100 3245
43 65 3753
6 10 4343
71 6 1243
67 70 2732
65 31 3809
26 45 67
69 19 2655
28 10 1412
11 54 4921
25 30 2133
60 6 2501
65 54 551
75 33 5306
77 74 2386
53 66 3504
57 77 1797
75 6 3449
54 46 4389
82 78 9545
41 41 3298
23 91 9882
52 43 65
43 91 2366
32 86 2296
50 79 9466
72 50 5673
9 64 6440
61 57 2735
66 27 6728
15 14 942
66 19 620
92 41 5259
97 37 8820
4 57 3240
67 50 6533
18 42 2439
23 12 8636
89 97 2567
50 51 9376
27 51 608
88 36 4339
1 76 6204
63 100 9576
8 99 3924
58 28 1698
55 97 9698
25 2 3107
6 18 956
79 10 5027
69 62 274
76 72 7853
33 1 935
6 58 4636
6 34 3960
93 87 9972
38 83 8456
4 69 4458
9 90 6191
37 12 3636
96 57 4834
81 31 9455
79 40 6755
7 89 2564
95 69 4273
17 59 1997
79 71 1576
17 24 1361
29 2 4316
21 43 8963
65 1 6054
52 36 8121
25 27 3002
32 79 3847
11 65 2023
98 90 4347
90 41 8994
26 59 2853
27 92 9635
16 96 5150
69 60 3719
91 95 1399
77 3 9451
56 4 4095
69 21 8994
93 86 646
8 30 3460
65 75 8607
98 34 2593
68 91 4305
60 58 1382
81 38 3501
21 23 9505
45 46 1499
77 76 3109
39 74 4096
31 30 439
57 31 1482
7 17 1951
61 47 9879
61 80 6868
26 66 7037
83 78 4182
23 74 2933
14 68 5210
3 71 4078
65 86 2144
53 56 8695
45 12 8552
88 4 7657
73 28 9788
26 93 1768
5 97 7742
52 20 8508
58 81 695
98 49 2456
42 96 8061
43 43 5248
62 66 4671
50 21 9689
18 39 749
67 74 6534
14 30 823
85 29 9866
25 25 2469
43 32 7686
8 95 7499
89 65 3879
53 34 1685
5 61 8196
63 82 2085
79 85 8001
5 38 2759
55 43 2516
22 12 3810
31 97 1530
75 79 1623
28 7 2225
29 38 8702
56 17 4564
19 96 1248
68 41 9640
16 44 6486
11 33 2619
62 99 3992
34 6 3322
48 89 670
22 29 7184
79 14 2878
97 17 418
11 7 736
95 15 2775
50 75 6738
97 44 9699
87 65 4744
29 8 5556
67 65 3605
70 6 247
86 33 7854
43 19 9794
68 75 6482
86 26 2388
52 100 4819
95 12 1076
25 58 8813
35 25 9695
97 18 3295
41 93 848
71 41 8250
100 19 3734
68 6 4489
80 39 9497
51 69 960
37 89 9737
57 78 327
83 19 1036
73 9 3983
8 83 1065
83 3 8392
52 74 5358
49 88 3422
74 53 4
85 20 2464
78 14 2180
5 56 4921
81 4 6143
22 72 5731
38 82 66
75 30 5259
75 31 6053
1 93 6373
76 52 3400
36 48 2152
19 37 2560
70 87 8112
5 49 3451
58 82 7085
83 77 7510
75 76 2503
35 81 2576
22 4 6107
43 7 5079
42 90 4650
31 100 3871
57 67 5729
84 29 756
44 62 7881
15 81 6805
57 43 9769
11 14 3521
22 78 7998
56 93 9658
51 84 5525
15 42 3566
18 70 6006
94 34 8661
43 40 8506
44 87 2002
28 43 1488
42 100 4653
50 99 1165
22 31 2154
22 76 6760
20 72 2706
2 56 1021
57 10 5474
9 8 2277
77 28 603
71 73 1025
27 89 5074
65 72 4497
58 75 6546
65 30 6754
80 75 3754
3 37 6680
95 21 893
22 14 523
12 24 8449
1 1 4452
33 9 4462
86 60 2255
46 68 5194
22 87 8743
7 74 8365
25 31 7483
71 69 7000
59 84 5178
31 19 9429
80 89 2941
9 67 3365
38 12 2069
47 90 7245
90 42 292
86 47 4701
96 85 1456
99 87 3240
97 45 4266
20 66 1680
57 11 2745
92 93 3615
72 18 1007
78 36 6137
87 79 2149
11 17 7341
27 85 599
99 32 1049
67 44 3195
30 38 2140
97 90 7237
42 22 439
64 27 6847
91 24 2222
85 58 7353
14 79 2684
67 22 5004
19 16 9823
79 77 55
79 65 6378
68 95 5301
1 8 3674
16 41 2522
97 51 1182
46 74 2652
95 92 4761
38 86 232
95 69 2790
49 17 6099
25 28 1441
9 34 8071
91 92 9988
93 91 5604
96 31 861
37 99 7104
97 43 3556
73 48 1532
80 76 5994
84 11 5825
25 22 970
41 90 7468
70 95 947
7 4 4697
73 96 8992
80 39 7842
95 6 4750
100 8 4287
83 58 9775
5 50 9043
13 65 7975
58 99 9859
90 86 2413
48 63 8733
40 34 9804
40 43 7624
63 19 3590
76 95 6301
8 58 8025
63 15 1041
26 48 7389
83 40 6140
38 92 198
42 15 7467
55 80 2997
30 61 3758
18 8 9085
47 51 6315
91 60 8667
34 84 4685
19 83 5520
1 23 1161
78 55 6855
30 40 2354
85 47 4555
42 82 4189
58 100 1012
42 2 7253
79 99 1462
30 58 1128
84 10 2348
40 59 7174
86 39 4062
41 59 1509
5 72 5991
85 47 8269
8 94 7140
28 10 8096
96 20 3589
82 64 8430
77 47 7927
47 37 6935
71 13 6874
48 17 224
66 35 9918
21 88 2496
91 59 7099
5 16 8000
55 70 2329
49 66 2570
53 54 6375
92 70 6224
95 32 2616
28 77 6952
9 49 3063
70 33 293
57 32 3036
68 14 5626
96 81 9113
54 47 864
2 70 2685
92 28 957
49 53 4537
43 18 4669
4 7 3228
48 15 8246
40 84 7105
69 8 970
89 9 9754
70 72 938
12 37 4132
43 80 2345
37 68 8184
37 52 9057
69 86 1494
34 76 1273
93 9 1922
25 25 4812
84 59 8638
15 65 1473
49 38 5766
32 96 3955
90 77 7294
45 44 5662
39 9 3193
4 68 243
71 59 6674
17 34 9918
73 28 3757
49 74 4152
100 96 9480
96 3 7660
43 88 9035
60 78 166
11 2 5967
44 11 8078
81 81 7911
100 45 8542
58 69 5924
9 69 5406
92 34 933
16 28 2622
30 27 4729
66 64 8165
30 41 8119
82 84 1016
45 6 1671
13 82 2638
63 26 2281
51 10 1080
78 83 8822
59 67 745
78 79 1870
15 49 1023
59 70 1146
6 14 2317
5 31 5148
18 70 8005
79 6 6864
31 15 6676
61 24 5222
87 68 3534
38 99 1241
64 97 9201
8 46 3737
21 77 8459
30 41 5591
33 73 147
99 16 618
52 19 9492
76 59 7254
21 23 3344
47 12 414
65 50 8468
98 44 381
20 79 6667
3 94 4346
4 77 7812
70 65 8006
35 95 247
77 26 5212
49 32 1276
20 100 6043
56 31 3665
65 7 8713
58 57 1254
64 28 5057
99 89 1480
68 74 57
80 58 1141
86 17 2761
91 67 3903
89 92 464
88 19 2774
53 25 8165
61 58 4709
92 29 303
23 67 1620
37 95 7847
31 17 436
84 14 7755
100 32 3426
21 75 3313
33 25 3592
75 86 7148
38 22 4339
69 18 8185
5 10 6514
12 3 4617
26 3 4141
97 76 4667
58 42 3229
25 80 2450
94 49 8687
54 52 3557
57 13 4272
69 76 7199
57 77 752
92 27 6333
87 5 9940
32 10 4247
21 84 474
39 52 53
79 99 7287
33 11 3651
59 10 5030
10 94 8658
37 78 3218
47 24 8692
95 29 7673
25 55 969
85 10 3623
99 21 4723
73 99 6830
6 24 956
84 64 927
93 57 3768
42 32 2180
23 81 2420
44 20 3186
85 87 9517
41 59 1627
66 38 4303
92 48 6679
56 49 2180
71 34 9915
25 50 1804
75 52 6190
28 91 6599
9 87 6389
47 4 4149
88 69 7691
85 7 4959
58 40 3533
87 79 988
33 30 7637
77 75 9014
49 47 7623
84 83 8537
54 84 4191
85 6 2545
56 88 6257
54 49 8676
41 65 5046
52 62 6361
69 34 353
90 30 4446
28 60 8860
35 25 426
1 8 6176
7 63 3925
27 22 2819
94 44 4158
47 27 1589
92 67 5896
83 72 9965
75 61 1802
62 64 9334
41 74 6088
82 68 5395
17 96 713
17 24 8124
46 42 2320
88 50 4532
79 24 1416
25 95 2230
74 67 4998
54 33 3648
77 50 3618
69 97 337
36 87 8259
49 97 1365
6 50 254
6 74 7557
83 46 1247
65 9 9624
55 37 6502
63 32 4339
86 41 9921
59 100 2407
31 14 5417
63 23 4892
66 70 102
100 80 1134
83 16 7555
75 84 3973
11 72 4144
59 71 1192
45 68 2395
62 89 169
45 73 8897
14 34 8520
20 51 7246
85 53 3919
25 81 7608
24 51 3464
86 86 4827
81 19 3485
15 19 3612
5 95 3601
33 89 127
71 12 7116
41 86 5686
42 76 9978
2 21 1122
6 24 9533
36 76 9988
58 91 7398
95 94 2881
88 17 8827
50 54 3692
18 68 8089
63 76 4557
61 51 1907
80 9 3838
76 69 4506
4 92 8789
29 99 3953
41 8 78
30 33 2735
17 85 9792
87 67 652
42 2 2047
66 2 1780
61 24 5662
54 88 3124
31 13 340
76 73 8989
2 77 7311
99 61 7530
19 12 3844
12 85 6430
13 16 4036
76 4 8831
92 85 6092
92 42 1241
53 51 1973
31 19 6225
2 82 1690
16 35 3527
66 24 531
58 69 5251
57 57 6711
93 18 5625
41 62 7343
14 77 4108
24 89 6277
91 86 8896
14 36 7003
82 26 6402
79 87 4905
11 81 7402
5 22 3504
74 64 7863
7 18 1147
64 40 2048
4 62 6560
67 7 4788
33 51 2092
3 52 4350
83 41 5741
9 10 7908
29 88 9271
25 86 657
33 34 905
42 77 3284
61 35 6620
40 50 631
35 28 7776
9 10 2217
73 69 2473
91 52 1059
39 33 83
84 28 7505
64 20 7338
11 63 1775
100 14 2487
58 94 8926
10 57 5123
45 38 8150
47 91 9710
41 15 2047
8 74 7243
65 36 2274
44 49 2260
46 86 6657
45 43 1755
26 98 243
89 59 3373
40 76 2118
11 26 8008
7 83 1520
6 22 3437
94 60 8708
90 97 8958
25 67 9922
46 97 7431
64 23 737
71 44 1822
75 85 6830
9 4 1019
93 56 2636
68 15 1177
67 67 2626
87 99 7770
15 54 3646
42 69 5805
18 22 9268
60 70 7916
22 100 9874
11 61 6336
34 18 1239
8 46 1717
54 5 9618
90 20 7579
33 81 8702
21 99 6771
47 80 2436
92 11 8761
1 43 3477
60 49 2364
22 53 3556
28 91 6176
2 2 6749
5 51 166
54 80 98
41 91 2991
88 44 2984
42 95 7606
3 26 79
27 40 889
55 2 21
61 58 637
82 59 1459
8 35 434
23 19 8749
28 51 9888
1 99 1426
80 47 2520
32 72 2334
37 31 5239
49 36 1008
71 53 6900
45 97 3944
14 70 8969
2 23 2001
5 93 9345
67 37 8470
58 68 1430
37 34 2214
19 54 5307
29 89 5678
5 85 9862
100 85 3396
28 49 6556
81 71 2252
41 62 7680
46 83 2790
23 88 5252
18 48 9259
59 1 5485
61 63 2661
48 4 5959
56 50 7428
4 67 6479
100 58 7670
12 14 9436
65 65 2299
83 57 5564
100 8 2757
81 54 9763
18 64 1176
2 20 3584
71 15 4160
93 58 4823
31 100 1011
83 5 7474
35 91 3478
14 53 2309
31 55 402
58 8 2613
33 39 2480
27 38 8331
49 69 1431
52 22 562
98 44 1167
41 24 6516
16 19 8981
99 45 1412
9 84 5272
44 46 643
11 92 4979
